#C data file for crab (wales)
#C file created using an r4ss function
#C file write time: 2026-06-11  18:13:42
#
1962 #_styr
2074 #_endyr
1 #_nseas
12 #_months_per_seas
2 #_Nsubseasons
1 #_spawn_month
2 #_Nsexes
15 #_Nages
1 #_N_areas
8 #_Nfleets
#_fleetinfo
#_type	surveytiming	area	units	need_catch_mult	fleetname
3	 1	1	1	0	Observer_inshore_u10        	#_1
1	-1	1	1	0	Pot_fisheries_historical    	#_2
1	-1	1	1	0	Pot_fisheries_u10           	#_3
1	-1	1	1	0	Pot_fisheries_10to12        	#_4
1	-1	1	1	0	Pot_fisheries_o12           	#_5
1	-1	1	1	0	Bycatch_fisheries_historical	#_6
1	-1	1	1	0	Bycatch_fisheries_gillnet   	#_7
1	-1	1	1	0	Bycatch_fisheries_trawl     	#_8
#_Catch data
#_year	season	fleet	catch	catch_se
 -999	1	2	 283.086	  0.5	#_1         
 1962	1	2	  3.8043	0.005	#_2         
 1963	1	2	 5.13064	0.005	#_3         
 1964	1	2	 5.49926	0.005	#_4         
 1965	1	2	 6.52658	0.005	#_5         
 1966	1	2	 6.52393	0.005	#_6         
 1967	1	2	  6.1149	0.005	#_7         
 1968	1	2	 6.58261	0.005	#_8         
 1969	1	2	 7.61089	0.005	#_9         
 1970	1	2	 5.60812	0.005	#_10        
 1971	1	2	 6.72788	0.005	#_11        
 1972	1	2	 4.51882	0.005	#_12        
 1973	1	2	  5.9847	0.005	#_13        
 1974	1	2	 7.37097	0.005	#_14        
 1975	1	2	 10.1463	0.005	#_15        
 1976	1	2	 37.4163	0.005	#_16        
 1977	1	2	 28.2056	0.005	#_17        
 1978	1	2	  20.147	0.005	#_18        
 1979	1	2	 301.129	0.005	#_19        
 1980	1	2	 40.7189	0.005	#_20        
 1981	1	2	 181.892	0.005	#_21        
 1982	1	2	 68.6795	0.005	#_22        
 1983	1	2	  87.087	0.005	#_23        
 1984	1	2	  29.447	0.005	#_24        
 1985	1	2	 58.9605	0.005	#_25        
 1986	1	2	 66.3261	0.005	#_26        
 1987	1	2	 199.458	0.005	#_27        
 1988	1	2	 154.084	0.005	#_28        
 1989	1	2	 181.725	0.005	#_29        
 1990	1	2	 76.0697	0.005	#_30        
 1991	1	2	 59.2922	0.005	#_31        
 1992	1	2	 181.424	0.005	#_32        
 1993	1	2	 80.4843	0.005	#_33        
 1994	1	2	 59.0228	0.005	#_34        
 1995	1	2	 136.737	0.005	#_35        
 1996	1	2	 32.1942	0.005	#_36        
 1997	1	2	 192.119	0.005	#_37        
 1998	1	2	 178.881	0.005	#_38        
 1999	1	2	 190.418	0.005	#_39        
 2000	1	2	 142.023	0.005	#_40        
 2001	1	2	 127.333	0.005	#_41        
 2002	1	2	 117.927	0.005	#_42        
 2003	1	2	 142.384	0.005	#_43        
 2004	1	2	 153.002	0.005	#_44        
 2005	1	2	 267.045	0.005	#_45        
 2006	1	2	       0	 0.01	#_46        
 2007	1	2	       0	 0.01	#_47        
 2008	1	2	       0	 0.01	#_48        
 2009	1	2	       0	 0.01	#_49        
 2010	1	2	       0	 0.01	#_50        
 2011	1	2	       0	 0.01	#_51        
 2012	1	2	       0	 0.01	#_52        
 2013	1	2	       0	 0.01	#_53        
 2014	1	2	       0	 0.01	#_54        
 2015	1	2	       0	 0.01	#_55        
 2016	1	2	       0	 0.01	#_56        
 2017	1	2	       0	 0.01	#_57        
 2018	1	2	       0	 0.01	#_58        
 2019	1	2	       0	 0.01	#_59        
 2020	1	2	       0	 0.01	#_60        
 2021	1	2	       0	 0.01	#_61        
 2022	1	2	       0	 0.01	#_62        
 2023	1	2	       0	 0.01	#_63        
 2024	1	2	       0	 0.01	#_64        
 2025	1	2	       0	 0.01	#_65        
 2026	1	2	       0	 0.01	#_66        
 2027	1	2	       0	 0.01	#_67        
 2028	1	2	       0	 0.01	#_68        
 2029	1	2	       0	 0.01	#_69        
 2030	1	2	       0	 0.01	#_70        
 2031	1	2	       0	 0.01	#_71        
 2032	1	2	       0	 0.01	#_72        
 2033	1	2	       0	 0.01	#_73        
 2034	1	2	       0	 0.01	#_74        
 2035	1	2	       0	 0.01	#_75        
 2036	1	2	       0	 0.01	#_76        
 2037	1	2	       0	 0.01	#_77        
 2038	1	2	       0	 0.01	#_78        
 2039	1	2	       0	 0.01	#_79        
 2040	1	2	       0	 0.01	#_80        
 2041	1	2	       0	 0.01	#_81        
 2042	1	2	       0	 0.01	#_82        
 2043	1	2	       0	 0.01	#_83        
 2044	1	2	       0	 0.01	#_84        
 2045	1	2	       0	 0.01	#_85        
 2046	1	2	       0	 0.01	#_86        
 2047	1	2	       0	 0.01	#_87        
 2048	1	2	       0	 0.01	#_88        
 2049	1	2	       0	 0.01	#_89        
 2050	1	2	       0	 0.01	#_90        
 2051	1	2	       0	 0.01	#_91        
 2052	1	2	       0	 0.01	#_92        
 2053	1	2	       0	 0.01	#_93        
 2054	1	2	       0	 0.01	#_94        
 2055	1	2	       0	 0.01	#_95        
 2056	1	2	       0	 0.01	#_96        
 2057	1	2	       0	 0.01	#_97        
 2058	1	2	       0	 0.01	#_98        
 2059	1	2	       0	 0.01	#_99        
 2060	1	2	       0	 0.01	#_100       
 2061	1	2	       0	 0.01	#_101       
 2062	1	2	       0	 0.01	#_102       
 2063	1	2	       0	 0.01	#_103       
 2064	1	2	       0	 0.01	#_104       
 2065	1	2	       0	 0.01	#_105       
 2066	1	2	       0	 0.01	#_106       
 2067	1	2	       0	 0.01	#_107       
 2068	1	2	       0	 0.01	#_108       
 2069	1	2	       0	 0.01	#_109       
 2070	1	2	       0	 0.01	#_110       
 2071	1	2	       0	 0.01	#_111       
 2072	1	2	       0	 0.01	#_112       
 2073	1	2	       0	 0.01	#_113       
 2074	1	2	       0	 0.01	#_114       
 -999	1	3	       0	 0.01	#_115       
 1962	1	3	       0	 0.01	#_116       
 1963	1	3	       0	 0.01	#_117       
 1964	1	3	       0	 0.01	#_118       
 1965	1	3	       0	 0.01	#_119       
 1966	1	3	       0	 0.01	#_120       
 1967	1	3	       0	 0.01	#_121       
 1968	1	3	       0	 0.01	#_122       
 1969	1	3	       0	 0.01	#_123       
 1970	1	3	       0	 0.01	#_124       
 1971	1	3	       0	 0.01	#_125       
 1972	1	3	       0	 0.01	#_126       
 1973	1	3	       0	 0.01	#_127       
 1974	1	3	       0	 0.01	#_128       
 1975	1	3	       0	 0.01	#_129       
 1976	1	3	       0	 0.01	#_130       
 1977	1	3	       0	 0.01	#_131       
 1978	1	3	       0	 0.01	#_132       
 1979	1	3	       0	 0.01	#_133       
 1980	1	3	       0	 0.01	#_134       
 1981	1	3	       0	 0.01	#_135       
 1982	1	3	       0	 0.01	#_136       
 1983	1	3	       0	 0.01	#_137       
 1984	1	3	       0	 0.01	#_138       
 1985	1	3	       0	 0.01	#_139       
 1986	1	3	       0	 0.01	#_140       
 1987	1	3	       0	 0.01	#_141       
 1988	1	3	       0	 0.01	#_142       
 1989	1	3	       0	 0.01	#_143       
 1990	1	3	       0	 0.01	#_144       
 1991	1	3	       0	 0.01	#_145       
 1992	1	3	       0	 0.01	#_146       
 1993	1	3	       0	 0.01	#_147       
 1994	1	3	       0	 0.01	#_148       
 1995	1	3	       0	 0.01	#_149       
 1996	1	3	       0	 0.01	#_150       
 1997	1	3	       0	 0.01	#_151       
 1998	1	3	       0	 0.01	#_152       
 1999	1	3	       0	 0.01	#_153       
 2000	1	3	       0	 0.01	#_154       
 2001	1	3	       0	 0.01	#_155       
 2002	1	3	       0	 0.01	#_156       
 2003	1	3	       0	 0.01	#_157       
 2004	1	3	       0	 0.01	#_158       
 2005	1	3	       0	 0.01	#_159       
 2006	1	3	 381.707	0.005	#_160       
 2007	1	3	 230.124	0.005	#_161       
 2008	1	3	 139.469	0.005	#_162       
 2009	1	3	 111.486	0.005	#_163       
 2010	1	3	 109.478	0.005	#_164       
 2011	1	3	 78.4731	0.005	#_165       
 2012	1	3	 40.2287	0.005	#_166       
 2013	1	3	 17.4945	0.005	#_167       
 2014	1	3	  20.759	0.005	#_168       
 2015	1	3	 40.0895	0.005	#_169       
 2016	1	3	 67.5033	0.005	#_170       
 2017	1	3	 108.219	0.005	#_171       
 2018	1	3	 60.0954	0.005	#_172       
 2019	1	3	 36.7458	0.005	#_173       
 2020	1	3	 44.2668	0.005	#_174       
 2021	1	3	 72.1998	0.005	#_175       
 2022	1	3	 69.2795	0.005	#_176       
 2023	1	3	 48.7935	0.005	#_177       
 2024	1	3	 41.5583	0.005	#_178       
 2025	1	3	 14.2474	0.005	#_179       
 2026	1	3	 6.32661	0.005	#_180       
 2027	1	3	  11.759	0.005	#_181       
 2028	1	3	 22.4347	0.005	#_182       
 2029	1	3	 37.0496	0.005	#_183       
 2030	1	3	  42.718	0.005	#_184       
 2031	1	3	 36.1135	0.005	#_185       
 2032	1	3	 27.3197	0.005	#_186       
 2033	1	3	 26.3769	0.005	#_187       
 2034	1	3	 31.2867	0.005	#_188       
 2035	1	3	 27.8559	0.005	#_189       
 2036	1	3	 23.2684	0.005	#_190       
 2037	1	3	 17.0001	0.005	#_191       
 2038	1	3	 13.2161	0.005	#_192       
 2039	1	3	 13.5976	0.005	#_193       
 2040	1	3	 21.9672	0.005	#_194       
 2041	1	3	 29.0128	0.005	#_195       
 2042	1	3	 27.9538	0.005	#_196       
 2043	1	3	 23.8371	0.005	#_197       
 2044	1	3	 19.2054	0.005	#_198       
 2045	1	3	 15.9138	0.005	#_199       
 2046	1	3	 12.8781	0.005	#_200       
 2047	1	3	 12.2666	0.005	#_201       
 2048	1	3	 15.4018	0.005	#_202       
 2049	1	3	 19.3445	0.005	#_203       
 2050	1	3	 20.5309	0.005	#_204       
 2051	1	3	 17.7528	0.005	#_205       
 2052	1	3	 14.6179	0.005	#_206       
 2053	1	3	 12.8098	0.005	#_207       
 2054	1	3	 15.1028	0.005	#_208       
 2055	1	3	 17.3149	0.005	#_209       
 2056	1	3	 20.4123	0.005	#_210       
 2057	1	3	 21.2951	0.005	#_211       
 2058	1	3	 18.3722	0.005	#_212       
 2059	1	3	 16.1027	0.005	#_213       
 2060	1	3	 18.4357	0.005	#_214       
 2061	1	3	 17.1626	0.005	#_215       
 2062	1	3	 16.9994	0.005	#_216       
 2063	1	3	 27.2393	0.005	#_217       
 2064	1	3	 34.1814	0.005	#_218       
 2065	1	3	 31.5745	0.005	#_219       
 2066	1	3	 23.7307	0.005	#_220       
 2067	1	3	 16.7826	0.005	#_221       
 2068	1	3	 11.5343	0.005	#_222       
 2069	1	3	 9.00856	0.005	#_223       
 2070	1	3	 9.38485	0.005	#_224       
 2071	1	3	 14.6041	0.005	#_225       
 2072	1	3	 33.9897	0.005	#_226       
 2073	1	3	 59.0351	0.005	#_227       
 2074	1	3	 65.1174	0.005	#_228       
 -999	1	4	       0	 0.01	#_229       
 1962	1	4	       0	 0.01	#_230       
 1963	1	4	       0	 0.01	#_231       
 1964	1	4	       0	 0.01	#_232       
 1965	1	4	       0	 0.01	#_233       
 1966	1	4	       0	 0.01	#_234       
 1967	1	4	       0	 0.01	#_235       
 1968	1	4	       0	 0.01	#_236       
 1969	1	4	       0	 0.01	#_237       
 1970	1	4	       0	 0.01	#_238       
 1971	1	4	       0	 0.01	#_239       
 1972	1	4	       0	 0.01	#_240       
 1973	1	4	       0	 0.01	#_241       
 1974	1	4	       0	 0.01	#_242       
 1975	1	4	       0	 0.01	#_243       
 1976	1	4	       0	 0.01	#_244       
 1977	1	4	       0	 0.01	#_245       
 1978	1	4	       0	 0.01	#_246       
 1979	1	4	       0	 0.01	#_247       
 1980	1	4	       0	 0.01	#_248       
 1981	1	4	       0	 0.01	#_249       
 1982	1	4	       0	 0.01	#_250       
 1983	1	4	       0	 0.01	#_251       
 1984	1	4	       0	 0.01	#_252       
 1985	1	4	       0	 0.01	#_253       
 1986	1	4	       0	 0.01	#_254       
 1987	1	4	       0	 0.01	#_255       
 1988	1	4	       0	 0.01	#_256       
 1989	1	4	       0	 0.01	#_257       
 1990	1	4	       0	 0.01	#_258       
 1991	1	4	       0	 0.01	#_259       
 1992	1	4	       0	 0.01	#_260       
 1993	1	4	       0	 0.01	#_261       
 1994	1	4	       0	 0.01	#_262       
 1995	1	4	       0	 0.01	#_263       
 1996	1	4	       0	 0.01	#_264       
 1997	1	4	       0	 0.01	#_265       
 1998	1	4	       0	 0.01	#_266       
 1999	1	4	       0	 0.01	#_267       
 2000	1	4	       0	 0.01	#_268       
 2001	1	4	       0	 0.01	#_269       
 2002	1	4	       0	 0.01	#_270       
 2003	1	4	       0	 0.01	#_271       
 2004	1	4	       0	 0.01	#_272       
 2005	1	4	       0	 0.01	#_273       
 2006	1	4	 71.5012	0.005	#_274       
 2007	1	4	 35.8756	0.005	#_275       
 2008	1	4	 14.2718	0.005	#_276       
 2009	1	4	 52.2406	0.005	#_277       
 2010	1	4	 71.3515	0.005	#_278       
 2011	1	4	 56.2478	0.005	#_279       
 2012	1	4	 40.7543	0.005	#_280       
 2013	1	4	 13.2643	0.005	#_281       
 2014	1	4	 18.8553	0.005	#_282       
 2015	1	4	 38.5126	0.005	#_283       
 2016	1	4	  43.374	0.005	#_284       
 2017	1	4	 37.4615	0.005	#_285       
 2018	1	4	 30.6085	0.005	#_286       
 2019	1	4	 46.0607	0.005	#_287       
 2020	1	4	 57.7487	0.005	#_288       
 2021	1	4	 70.8939	0.005	#_289       
 2022	1	4	 60.8333	0.005	#_290       
 2023	1	4	 46.9643	0.005	#_291       
 2024	1	4	 16.1516	0.005	#_292       
 2025	1	4	 4.44267	0.005	#_293       
 2026	1	4	 4.95147	0.005	#_294       
 2027	1	4	 10.0183	0.005	#_295       
 2028	1	4	 17.7184	0.005	#_296       
 2029	1	4	 27.2469	0.005	#_297       
 2030	1	4	 27.4419	0.005	#_298       
 2031	1	4	  21.597	0.005	#_299       
 2032	1	4	 17.3417	0.005	#_300       
 2033	1	4	 18.4431	0.005	#_301       
 2034	1	4	 21.6101	0.005	#_302       
 2035	1	4	 22.9256	0.005	#_303       
 2036	1	4	 18.8292	0.005	#_304       
 2037	1	4	 13.8608	0.005	#_305       
 2038	1	4	 10.6362	0.005	#_306       
 2039	1	4	 11.0522	0.005	#_307       
 2040	1	4	 17.8024	0.005	#_308       
 2041	1	4	 23.4544	0.005	#_309       
 2042	1	4	 22.4102	0.005	#_310       
 2043	1	4	 19.3933	0.005	#_311       
 2044	1	4	 15.6088	0.005	#_312       
 2045	1	4	 12.9231	0.005	#_313       
 2046	1	4	 10.3684	0.005	#_314       
 2047	1	4	 10.0596	0.005	#_315       
 2048	1	4	 12.4777	0.005	#_316       
 2049	1	4	 16.0955	0.005	#_317       
 2050	1	4	 16.6782	0.005	#_318       
 2051	1	4	 14.3183	0.005	#_319       
 2052	1	4	 11.8663	0.005	#_320       
 2053	1	4	 10.5972	0.005	#_321       
 2054	1	4	 12.4049	0.005	#_322       
 2055	1	4	 14.0727	0.005	#_323       
 2056	1	4	 16.8381	0.005	#_324       
 2057	1	4	 17.5327	0.005	#_325       
 2058	1	4	 14.9559	0.005	#_326       
 2059	1	4	 13.2704	0.005	#_327       
 2060	1	4	  14.992	0.005	#_328       
 2061	1	4	 13.9447	0.005	#_329       
 2062	1	4	 13.9691	0.005	#_330       
 2063	1	4	 22.3965	0.005	#_331       
 2064	1	4	 27.8655	0.005	#_332       
 2065	1	4	 25.7535	0.005	#_333       
 2066	1	4	  19.344	0.005	#_334       
 2067	1	4	 13.6262	0.005	#_335       
 2068	1	4	 9.31054	0.005	#_336       
 2069	1	4	 7.31363	0.005	#_337       
 2070	1	4	 7.58073	0.005	#_338       
 2071	1	4	 11.8973	0.005	#_339       
 2072	1	4	 27.8321	0.005	#_340       
 2073	1	4	 48.1207	0.005	#_341       
 2074	1	4	 53.5139	0.005	#_342       
 -999	1	5	       0	 0.01	#_343       
 1962	1	5	       0	 0.01	#_344       
 1963	1	5	       0	 0.01	#_345       
 1964	1	5	       0	 0.01	#_346       
 1965	1	5	       0	 0.01	#_347       
 1966	1	5	       0	 0.01	#_348       
 1967	1	5	       0	 0.01	#_349       
 1968	1	5	       0	 0.01	#_350       
 1969	1	5	       0	 0.01	#_351       
 1970	1	5	       0	 0.01	#_352       
 1971	1	5	       0	 0.01	#_353       
 1972	1	5	       0	 0.01	#_354       
 1973	1	5	       0	 0.01	#_355       
 1974	1	5	       0	 0.01	#_356       
 1975	1	5	       0	 0.01	#_357       
 1976	1	5	       0	 0.01	#_358       
 1977	1	5	       0	 0.01	#_359       
 1978	1	5	       0	 0.01	#_360       
 1979	1	5	       0	 0.01	#_361       
 1980	1	5	       0	 0.01	#_362       
 1981	1	5	       0	 0.01	#_363       
 1982	1	5	       0	 0.01	#_364       
 1983	1	5	       0	 0.01	#_365       
 1984	1	5	       0	 0.01	#_366       
 1985	1	5	       0	 0.01	#_367       
 1986	1	5	       0	 0.01	#_368       
 1987	1	5	       0	 0.01	#_369       
 1988	1	5	       0	 0.01	#_370       
 1989	1	5	       0	 0.01	#_371       
 1990	1	5	       0	 0.01	#_372       
 1991	1	5	       0	 0.01	#_373       
 1992	1	5	       0	 0.01	#_374       
 1993	1	5	       0	 0.01	#_375       
 1994	1	5	       0	 0.01	#_376       
 1995	1	5	       0	 0.01	#_377       
 1996	1	5	       0	 0.01	#_378       
 1997	1	5	       0	 0.01	#_379       
 1998	1	5	       0	 0.01	#_380       
 1999	1	5	       0	 0.01	#_381       
 2000	1	5	       0	 0.01	#_382       
 2001	1	5	       0	 0.01	#_383       
 2002	1	5	       0	 0.01	#_384       
 2003	1	5	       0	 0.01	#_385       
 2004	1	5	       0	 0.01	#_386       
 2005	1	5	       0	 0.01	#_387       
 2006	1	5	0.173258	0.005	#_388       
 2007	1	5	 1.39822	0.005	#_389       
 2008	1	5	 1.43078	0.005	#_390       
 2009	1	5	 137.414	0.005	#_391       
 2010	1	5	 147.355	0.005	#_392       
 2011	1	5	 6.06764	0.005	#_393       
 2012	1	5	 2.80426	0.005	#_394       
 2013	1	5	   1.314	0.005	#_395       
 2014	1	5	 15.7804	0.005	#_396       
 2015	1	5	 48.9975	0.005	#_397       
 2016	1	5	 41.4141	0.005	#_398       
 2017	1	5	 145.179	0.005	#_399       
 2018	1	5	 54.0185	0.005	#_400       
 2019	1	5	 17.5294	0.005	#_401       
 2020	1	5	 35.3301	0.005	#_402       
 2021	1	5	 61.9717	0.005	#_403       
 2022	1	5	 54.4346	0.005	#_404       
 2023	1	5	 56.2168	0.005	#_405       
 2024	1	5	   44.55	0.005	#_406       
 2025	1	5	 10.3637	0.005	#_407       
 2026	1	5	 7.67411	0.005	#_408       
 2027	1	5	 15.5098	0.005	#_409       
 2028	1	5	 26.8966	0.005	#_410       
 2029	1	5	 33.5039	0.005	#_411       
 2030	1	5	 26.7897	0.005	#_412       
 2031	1	5	 19.3355	0.005	#_413       
 2032	1	5	 18.7819	0.005	#_414       
 2033	1	5	 22.9625	0.005	#_415       
 2034	1	5	 25.8741	0.005	#_416       
 2035	1	5	 23.4042	0.005	#_417       
 2036	1	5	 16.6378	0.005	#_418       
 2037	1	5	 11.9818	0.005	#_419       
 2038	1	5	  10.431	0.005	#_420       
 2039	1	5	 15.7339	0.005	#_421       
 2040	1	5	  25.651	0.005	#_422       
 2041	1	5	 26.9688	0.005	#_423       
 2042	1	5	 22.3264	0.005	#_424       
 2043	1	5	 18.2739	0.005	#_425       
 2044	1	5	 15.0567	0.005	#_426       
 2045	1	5	  12.315	0.005	#_427       
 2046	1	5	 10.2451	0.005	#_428       
 2047	1	5	 12.0552	0.005	#_429       
 2048	1	5	  16.538	0.005	#_430       
 2049	1	5	 19.1793	0.005	#_431       
 2050	1	5	 17.1655	0.005	#_432       
 2051	1	5	  13.678	0.005	#_433       
 2052	1	5	 11.4145	0.005	#_434       
 2053	1	5	 12.2866	0.005	#_435       
 2054	1	5	 15.0875	0.005	#_436       
 2055	1	5	 17.4505	0.005	#_437       
 2056	1	5	    20.1	0.005	#_438       
 2057	1	5	 17.9179	0.005	#_439       
 2058	1	5	 14.1233	0.005	#_440       
 2059	1	5	 15.0552	0.005	#_441       
 2060	1	5	 17.2637	0.005	#_442       
 2061	1	5	 13.4794	0.005	#_443       
 2062	1	5	 19.0287	0.005	#_444       
 2063	1	5	 31.5255	0.005	#_445       
 2064	1	5	 31.5258	0.005	#_446       
 2065	1	5	 23.5065	0.005	#_447       
 2066	1	5	 16.4906	0.005	#_448       
 2067	1	5	 11.4216	0.005	#_449       
 2068	1	5	 8.10899	0.005	#_450       
 2069	1	5	 7.73458	0.005	#_451       
 2070	1	5	  9.4637	0.005	#_452       
 2071	1	5	 20.3699	0.005	#_453       
 2072	1	5	 47.3025	0.005	#_454       
 2073	1	5	 62.5865	0.005	#_455       
 2074	1	5	 56.4813	0.005	#_456       
 -999	1	6	 30.9182	  0.5	#_457       
 1962	1	6	 26.1109	0.005	#_458       
 1963	1	6	 26.0168	0.005	#_459       
 1964	1	6	 26.4555	0.005	#_460       
 1965	1	6	 25.9957	0.005	#_461       
 1966	1	6	  25.865	0.005	#_462       
 1967	1	6	 25.5357	0.005	#_463       
 1968	1	6	 25.8589	0.005	#_464       
 1969	1	6	 25.8877	0.005	#_465       
 1970	1	6	 26.5469	0.005	#_466       
 1971	1	6	 26.9566	0.005	#_467       
 1972	1	6	 27.9331	0.005	#_468       
 1973	1	6	 29.4204	0.005	#_469       
 1974	1	6	 30.9763	0.005	#_470       
 1975	1	6	 33.2437	0.005	#_471       
 1976	1	6	  36.063	0.005	#_472       
 1977	1	6	  40.172	0.005	#_473       
 1978	1	6	 45.2683	0.005	#_474       
 1979	1	6	 51.6857	0.005	#_475       
 1980	1	6	 60.0667	0.005	#_476       
 1981	1	6	 61.4185	0.005	#_477       
 1982	1	6	 44.1981	0.005	#_478       
 1983	1	6	 43.6668	0.005	#_479       
 1984	1	6	 44.4014	0.005	#_480       
 1985	1	6	 47.2358	0.005	#_481       
 1986	1	6	 59.1716	0.005	#_482       
 1987	1	6	 62.3573	0.005	#_483       
 1988	1	6	 28.9594	0.005	#_484       
 1989	1	6	 15.6402	0.005	#_485       
 1990	1	6	 8.89356	0.005	#_486       
 1991	1	6	 8.52535	0.005	#_487       
 1992	1	6	 21.6907	0.005	#_488       
 1993	1	6	  25.764	0.005	#_489       
 1994	1	6	  25.928	0.005	#_490       
 1995	1	6	 22.4634	0.005	#_491       
 1996	1	6	 12.9105	0.005	#_492       
 1997	1	6	 15.2149	0.005	#_493       
 1998	1	6	 24.8379	0.005	#_494       
 1999	1	6	 22.3288	0.005	#_495       
 2000	1	6	 18.3637	0.005	#_496       
 2001	1	6	 12.5174	0.005	#_497       
 2002	1	6	  18.956	0.005	#_498       
 2003	1	6	 22.9022	0.005	#_499       
 2004	1	6	 26.6717	0.005	#_500       
 2005	1	6	 64.2844	0.005	#_501       
 2006	1	6	       0	 0.01	#_502       
 2007	1	6	       0	 0.01	#_503       
 2008	1	6	       0	 0.01	#_504       
 2009	1	6	       0	 0.01	#_505       
 2010	1	6	       0	 0.01	#_506       
 2011	1	6	       0	 0.01	#_507       
 2012	1	6	       0	 0.01	#_508       
 2013	1	6	       0	 0.01	#_509       
 2014	1	6	       0	 0.01	#_510       
 2015	1	6	       0	 0.01	#_511       
 2016	1	6	       0	 0.01	#_512       
 2017	1	6	       0	 0.01	#_513       
 2018	1	6	       0	 0.01	#_514       
 2019	1	6	       0	 0.01	#_515       
 2020	1	6	       0	 0.01	#_516       
 2021	1	6	       0	 0.01	#_517       
 2022	1	6	       0	 0.01	#_518       
 2023	1	6	       0	 0.01	#_519       
 2024	1	6	       0	 0.01	#_520       
 2025	1	6	       0	 0.01	#_521       
 2026	1	6	       0	 0.01	#_522       
 2027	1	6	       0	 0.01	#_523       
 2028	1	6	       0	 0.01	#_524       
 2029	1	6	       0	 0.01	#_525       
 2030	1	6	       0	 0.01	#_526       
 2031	1	6	       0	 0.01	#_527       
 2032	1	6	       0	 0.01	#_528       
 2033	1	6	       0	 0.01	#_529       
 2034	1	6	       0	 0.01	#_530       
 2035	1	6	       0	 0.01	#_531       
 2036	1	6	       0	 0.01	#_532       
 2037	1	6	       0	 0.01	#_533       
 2038	1	6	       0	 0.01	#_534       
 2039	1	6	       0	 0.01	#_535       
 2040	1	6	       0	 0.01	#_536       
 2041	1	6	       0	 0.01	#_537       
 2042	1	6	       0	 0.01	#_538       
 2043	1	6	       0	 0.01	#_539       
 2044	1	6	       0	 0.01	#_540       
 2045	1	6	       0	 0.01	#_541       
 2046	1	6	       0	 0.01	#_542       
 2047	1	6	       0	 0.01	#_543       
 2048	1	6	       0	 0.01	#_544       
 2049	1	6	       0	 0.01	#_545       
 2050	1	6	       0	 0.01	#_546       
 2051	1	6	       0	 0.01	#_547       
 2052	1	6	       0	 0.01	#_548       
 2053	1	6	       0	 0.01	#_549       
 2054	1	6	       0	 0.01	#_550       
 2055	1	6	       0	 0.01	#_551       
 2056	1	6	       0	 0.01	#_552       
 2057	1	6	       0	 0.01	#_553       
 2058	1	6	       0	 0.01	#_554       
 2059	1	6	       0	 0.01	#_555       
 2060	1	6	       0	 0.01	#_556       
 2061	1	6	       0	 0.01	#_557       
 2062	1	6	       0	 0.01	#_558       
 2063	1	6	       0	 0.01	#_559       
 2064	1	6	       0	 0.01	#_560       
 2065	1	6	       0	 0.01	#_561       
 2066	1	6	       0	 0.01	#_562       
 2067	1	6	       0	 0.01	#_563       
 2068	1	6	       0	 0.01	#_564       
 2069	1	6	       0	 0.01	#_565       
 2070	1	6	       0	 0.01	#_566       
 2071	1	6	       0	 0.01	#_567       
 2072	1	6	       0	 0.01	#_568       
 2073	1	6	       0	 0.01	#_569       
 2074	1	6	       0	 0.01	#_570       
 -999	1	7	       0	 0.01	#_571       
 1962	1	7	       0	 0.01	#_572       
 1963	1	7	       0	 0.01	#_573       
 1964	1	7	       0	 0.01	#_574       
 1965	1	7	       0	 0.01	#_575       
 1966	1	7	       0	 0.01	#_576       
 1967	1	7	       0	 0.01	#_577       
 1968	1	7	       0	 0.01	#_578       
 1969	1	7	       0	 0.01	#_579       
 1970	1	7	       0	 0.01	#_580       
 1971	1	7	       0	 0.01	#_581       
 1972	1	7	       0	 0.01	#_582       
 1973	1	7	       0	 0.01	#_583       
 1974	1	7	       0	 0.01	#_584       
 1975	1	7	       0	 0.01	#_585       
 1976	1	7	       0	 0.01	#_586       
 1977	1	7	       0	 0.01	#_587       
 1978	1	7	       0	 0.01	#_588       
 1979	1	7	       0	 0.01	#_589       
 1980	1	7	       0	 0.01	#_590       
 1981	1	7	       0	 0.01	#_591       
 1982	1	7	       0	 0.01	#_592       
 1983	1	7	       0	 0.01	#_593       
 1984	1	7	       0	 0.01	#_594       
 1985	1	7	       0	 0.01	#_595       
 1986	1	7	       0	 0.01	#_596       
 1987	1	7	       0	 0.01	#_597       
 1988	1	7	       0	 0.01	#_598       
 1989	1	7	       0	 0.01	#_599       
 1990	1	7	       0	 0.01	#_600       
 1991	1	7	       0	 0.01	#_601       
 1992	1	7	       0	 0.01	#_602       
 1993	1	7	       0	 0.01	#_603       
 1994	1	7	       0	 0.01	#_604       
 1995	1	7	       0	 0.01	#_605       
 1996	1	7	       0	 0.01	#_606       
 1997	1	7	       0	 0.01	#_607       
 1998	1	7	       0	 0.01	#_608       
 1999	1	7	       0	 0.01	#_609       
 2000	1	7	       0	 0.01	#_610       
 2001	1	7	       0	 0.01	#_611       
 2002	1	7	       0	 0.01	#_612       
 2003	1	7	       0	 0.01	#_613       
 2004	1	7	       0	 0.01	#_614       
 2005	1	7	       0	 0.01	#_615       
 2006	1	7	 7.70503	0.005	#_616       
 2007	1	7	 5.44653	0.005	#_617       
 2008	1	7	 13.8053	0.005	#_618       
 2009	1	7	 10.7394	0.005	#_619       
 2010	1	7	 7.76108	0.005	#_620       
 2011	1	7	 3.45324	0.005	#_621       
 2012	1	7	 2.80153	0.005	#_622       
 2013	1	7	 2.49035	0.005	#_623       
 2014	1	7	 5.00796	0.005	#_624       
 2015	1	7	 1.83462	0.005	#_625       
 2016	1	7	 6.12964	0.005	#_626       
 2017	1	7	 2.76424	0.005	#_627       
 2018	1	7	 0.63735	0.005	#_628       
 2019	1	7	 2.04701	0.005	#_629       
 2020	1	7	 1.68615	0.005	#_630       
 2021	1	7	 2.78816	0.005	#_631       
 2022	1	7	 5.13254	0.005	#_632       
 2023	1	7	 3.03943	0.005	#_633       
 2024	1	7	 1.55996	0.005	#_634       
 2025	1	7	 0.59675	0.005	#_635       
 2026	1	7	0.548878	0.005	#_636       
 2027	1	7	0.902486	0.005	#_637       
 2028	1	7	 1.58643	0.005	#_638       
 2029	1	7	 1.57366	0.005	#_639       
 2030	1	7	 1.24793	0.005	#_640       
 2031	1	7	 1.00233	0.005	#_641       
 2032	1	7	  1.1157	0.005	#_642       
 2033	1	7	 1.29166	0.005	#_643       
 2034	1	7	 1.37795	0.005	#_644       
 2035	1	7	 1.13009	0.005	#_645       
 2036	1	7	0.818812	0.005	#_646       
 2037	1	7	0.655005	0.005	#_647       
 2038	1	7	0.587599	0.005	#_648       
 2039	1	7	  1.0106	0.005	#_649       
 2040	1	7	 1.38796	0.005	#_650       
 2041	1	7	 1.25522	0.005	#_651       
 2042	1	7	 1.10384	0.005	#_652       
 2043	1	7	0.910508	0.005	#_653       
 2044	1	7	 0.78705	0.005	#_654       
 2045	1	7	0.622107	0.005	#_655       
 2046	1	7	0.568933	0.005	#_656       
 2047	1	7	0.709728	0.005	#_657       
 2048	1	7	0.920168	0.005	#_658       
 2049	1	7	0.977994	0.005	#_659       
 2050	1	7	 0.80553	0.005	#_660       
 2051	1	7	0.711572	0.005	#_661       
 2052	1	7	0.577796	0.005	#_662       
 2053	1	7	0.737837	0.005	#_663       
 2054	1	7	0.772945	0.005	#_664       
 2055	1	7	0.960509	0.005	#_665       
 2056	1	7	 1.01214	0.005	#_666       
 2057	1	7	0.854658	0.005	#_667       
 2058	1	7	0.700604	0.005	#_668       
 2059	1	7	0.901982	0.005	#_669       
 2060	1	7	0.830251	0.005	#_670       
 2061	1	7	0.651783	0.005	#_671       
 2062	1	7	 1.26735	0.005	#_672       
 2063	1	7	 1.65385	0.005	#_673       
 2064	1	7	 1.46545	0.005	#_674       
 2065	1	7	 1.11006	0.005	#_675       
 2066	1	7	0.822951	0.005	#_676       
 2067	1	7	0.582605	0.005	#_677       
 2068	1	7	0.448195	0.005	#_678       
 2069	1	7	0.461649	0.005	#_679       
 2070	1	7	0.552351	0.005	#_680       
 2071	1	7	 1.36573	0.005	#_681       
 2072	1	7	 2.80342	0.005	#_682       
 2073	1	7	 2.95108	0.005	#_683       
 2074	1	7	 2.74215	0.005	#_684       
 -999	1	8	       0	 0.01	#_685       
 1962	1	8	       0	 0.01	#_686       
 1963	1	8	       0	 0.01	#_687       
 1964	1	8	       0	 0.01	#_688       
 1965	1	8	       0	 0.01	#_689       
 1966	1	8	       0	 0.01	#_690       
 1967	1	8	       0	 0.01	#_691       
 1968	1	8	       0	 0.01	#_692       
 1969	1	8	       0	 0.01	#_693       
 1970	1	8	       0	 0.01	#_694       
 1971	1	8	       0	 0.01	#_695       
 1972	1	8	       0	 0.01	#_696       
 1973	1	8	       0	 0.01	#_697       
 1974	1	8	       0	 0.01	#_698       
 1975	1	8	       0	 0.01	#_699       
 1976	1	8	       0	 0.01	#_700       
 1977	1	8	       0	 0.01	#_701       
 1978	1	8	       0	 0.01	#_702       
 1979	1	8	       0	 0.01	#_703       
 1980	1	8	       0	 0.01	#_704       
 1981	1	8	       0	 0.01	#_705       
 1982	1	8	       0	 0.01	#_706       
 1983	1	8	       0	 0.01	#_707       
 1984	1	8	       0	 0.01	#_708       
 1985	1	8	       0	 0.01	#_709       
 1986	1	8	       0	 0.01	#_710       
 1987	1	8	       0	 0.01	#_711       
 1988	1	8	       0	 0.01	#_712       
 1989	1	8	       0	 0.01	#_713       
 1990	1	8	       0	 0.01	#_714       
 1991	1	8	       0	 0.01	#_715       
 1992	1	8	       0	 0.01	#_716       
 1993	1	8	       0	 0.01	#_717       
 1994	1	8	       0	 0.01	#_718       
 1995	1	8	       0	 0.01	#_719       
 1996	1	8	       0	 0.01	#_720       
 1997	1	8	       0	 0.01	#_721       
 1998	1	8	       0	 0.01	#_722       
 1999	1	8	       0	 0.01	#_723       
 2000	1	8	       0	 0.01	#_724       
 2001	1	8	       0	 0.01	#_725       
 2002	1	8	       0	 0.01	#_726       
 2003	1	8	       0	 0.01	#_727       
 2004	1	8	       0	 0.01	#_728       
 2005	1	8	       0	 0.01	#_729       
 2006	1	8	 41.1591	0.005	#_730       
 2007	1	8	 30.2059	0.005	#_731       
 2008	1	8	  23.916	0.005	#_732       
 2009	1	8	 28.2984	0.005	#_733       
 2010	1	8	 20.0636	0.005	#_734       
 2011	1	8	 10.4308	0.005	#_735       
 2012	1	8	 8.49302	0.005	#_736       
 2013	1	8	 5.81278	0.005	#_737       
 2014	1	8	 13.1424	0.005	#_738       
 2015	1	8	 16.2679	0.005	#_739       
 2016	1	8	 26.4724	0.005	#_740       
 2017	1	8	 16.5911	0.005	#_741       
 2018	1	8	 7.61463	0.005	#_742       
 2019	1	8	 9.33036	0.005	#_743       
 2020	1	8	 18.4349	0.005	#_744       
 2021	1	8	 7.74987	0.005	#_745       
 2022	1	8	 1.27682	0.005	#_746       
 2023	1	8	 1.72659	0.005	#_747       
 2024	1	8	 1.89548	0.005	#_748       
 2025	1	8	0.554625	0.005	#_749       
 2026	1	8	0.503929	0.005	#_750       
 2027	1	8	0.835009	0.005	#_751       
 2028	1	8	 1.45605	0.005	#_752       
 2029	1	8	 1.47724	0.005	#_753       
 2030	1	8	 1.16811	0.005	#_754       
 2031	1	8	  0.9304	0.005	#_755       
 2032	1	8	 1.04043	0.005	#_756       
 2033	1	8	  1.1885	0.005	#_757       
 2034	1	8	 1.28306	0.005	#_758       
 2035	1	8	 1.04615	0.005	#_759       
 2036	1	8	 0.75535	0.005	#_760       
 2037	1	8	0.608964	0.005	#_761       
 2038	1	8	0.545358	0.005	#_762       
 2039	1	8	0.950307	0.005	#_763       
 2040	1	8	 1.28729	0.005	#_764       
 2041	1	8	 1.15499	0.005	#_765       
 2042	1	8	 1.01752	0.005	#_766       
 2043	1	8	0.843823	0.005	#_767       
 2044	1	8	0.725935	0.005	#_768       
 2045	1	8	0.581385	0.005	#_769       
 2046	1	8	0.524779	0.005	#_770       
 2047	1	8	0.664503	0.005	#_771       
 2048	1	8	0.852985	0.005	#_772       
 2049	1	8	0.906406	0.005	#_773       
 2050	1	8	0.745197	0.005	#_774       
 2051	1	8	 0.65308	0.005	#_775       
 2052	1	8	0.532309	0.005	#_776       
 2053	1	8	0.684943	0.005	#_777       
 2054	1	8	0.719492	0.005	#_778       
 2055	1	8	0.891499	0.005	#_779       
 2056	1	8	0.946847	0.005	#_780       
 2057	1	8	 0.80391	0.005	#_781       
 2058	1	8	0.652272	0.005	#_782       
 2059	1	8	0.844122	0.005	#_783       
 2060	1	8	0.778091	0.005	#_784       
 2061	1	8	0.603425	0.005	#_785       
 2062	1	8	 1.17021	0.005	#_786       
 2063	1	8	  1.5331	0.005	#_787       
 2064	1	8	 1.34895	0.005	#_788       
 2065	1	8	 1.02635	0.005	#_789       
 2066	1	8	0.775348	0.005	#_790       
 2067	1	8	 0.54971	0.005	#_791       
 2068	1	8	0.418884	0.005	#_792       
 2069	1	8	0.429271	0.005	#_793       
 2070	1	8	0.510629	0.005	#_794       
 2071	1	8	  1.2715	0.005	#_795       
 2072	1	8	 2.62719	0.005	#_796       
 2073	1	8	 2.71789	0.005	#_797       
 2074	1	8	 2.54747	0.005	#_798       
-9999	0	0	       0	    0	#_terminator
#_CPUE_and_surveyabundance_observations
#_Units:  0=numbers; 1=biomass; 2=F; >=30 for special types
#_Errtype:  -1=normal; 0=lognormal; >0=T
#_SD_Report: 0=no sdreport; 1=enable sdreport
#_fleet	units	errtype	SD_report
1	1	0	0	#_Observer_inshore_u10        
2	1	0	0	#_Pot_fisheries_historical    
3	1	0	0	#_Pot_fisheries_u10           
4	1	0	0	#_Pot_fisheries_10to12        
5	1	0	0	#_Pot_fisheries_o12           
6	1	0	0	#_Bycatch_fisheries_historical
7	1	0	0	#_Bycatch_fisheries_gillnet   
8	1	0	0	#_Bycatch_fisheries_trawl     
#
#_CPUE_data
#_year	month	index	obs	se_log
 2006	7	3	 0.00251056	   0.0889	#_1         
 2007	7	3	 0.00144101	   0.0871	#_2         
 2008	7	3	 0.00451993	   0.0862	#_3         
 2009	7	3	 0.00288638	   0.0825	#_4         
 2010	7	3	 0.00211041	   0.0816	#_5         
 2011	7	3	 0.00235658	   0.0825	#_6         
 2012	7	3	0.000686239	   0.0816	#_7         
 2013	7	3	 0.00176749	   0.0825	#_8         
 2014	7	3	 0.00141097	   0.0825	#_9         
 2015	7	3	 0.00218856	   0.0825	#_10        
 2016	7	3	  0.0057686	   0.0825	#_11        
 2017	7	3	  0.0101201	   0.0825	#_12        
 2018	7	3	 0.00305165	   0.0825	#_13        
 2019	7	3	 0.00282728	   0.0816	#_14        
 2020	7	3	 0.00435298	   0.0825	#_15        
 2021	7	3	 0.00260247	   0.0834	#_16        
 2022	7	3	 0.00113127	   0.0834	#_17        
 2023	7	3	  0.0018106	   0.0843	#_18        
 2024	7	3	 0.00112958	   0.0843	#_19        
 2025	7	3	 0.00115063	0.0834158	#_20        
 2026	7	3	 0.00286989	0.0834158	#_21        
 2027	7	3	 0.00145052	0.0834158	#_22        
 2028	7	3	 0.00519118	0.0834158	#_23        
 2029	7	3	 0.00687833	0.0834158	#_24        
 2030	7	3	  0.0169216	0.0834158	#_25        
 2031	7	3	  0.0118666	0.0834158	#_26        
 2032	7	3	 0.00529372	0.0834158	#_27        
 2033	7	3	 0.00427826	0.0834158	#_28        
 2034	7	3	  0.0069978	0.0834158	#_29        
 2035	7	3	 0.00462082	0.0834158	#_30        
 2036	7	3	 0.00734245	0.0834158	#_31        
 2037	7	3	 0.00145032	0.0834158	#_32        
 2038	7	3	 0.00265343	0.0834158	#_33        
 2039	7	3	 0.00232644	0.0834158	#_34        
 2040	7	3	 0.00338966	0.0834158	#_35        
 2041	7	3	   0.010526	0.0834158	#_36        
 2042	7	3	  0.0065503	0.0834158	#_37        
 2043	7	3	  0.0104406	0.0834158	#_38        
 2044	7	3	 0.00330371	0.0834158	#_39        
 2045	7	3	 0.00324008	0.0834158	#_40        
 2046	7	3	 0.00489173	0.0834158	#_41        
 2047	7	3	 0.00207079	0.0834158	#_42        
 2048	7	3	 0.00574284	0.0834158	#_43        
 2049	7	3	 0.00914708	0.0834158	#_44        
 2050	7	3	 0.00834669	0.0834158	#_45        
 2051	7	3	 0.00764442	0.0834158	#_46        
 2052	7	3	 0.00215925	0.0834158	#_47        
 2053	7	3	 0.00409092	0.0834158	#_48        
 2054	7	3	 0.00575579	0.0834158	#_49        
 2055	7	3	 0.00312796	0.0834158	#_50        
 2056	7	3	  0.0069829	0.0834158	#_51        
 2057	7	3	 0.00482148	0.0834158	#_52        
 2058	7	3	 0.00592681	0.0834158	#_53        
 2059	7	3	 0.00724069	0.0834158	#_54        
 2060	7	3	 0.00488928	0.0834158	#_55        
 2061	7	3	 0.00172805	0.0834158	#_56        
 2062	7	3	 0.00691192	0.0834158	#_57        
 2063	7	3	  0.0120426	0.0834158	#_58        
 2064	7	3	  0.0127253	0.0834158	#_59        
 2065	7	3	  0.0105188	0.0834158	#_60        
 2066	7	3	 0.00654623	0.0834158	#_61        
 2067	7	3	 0.00296848	0.0834158	#_62        
 2068	7	3	 0.00399131	0.0834158	#_63        
 2069	7	3	 0.00183007	0.0834158	#_64        
 2070	7	3	 0.00406229	0.0834158	#_65        
 2071	7	3	 0.00224967	0.0834158	#_66        
 2072	7	3	 0.00821011	0.0834158	#_67        
 2073	7	3	  0.0209847	0.0834158	#_68        
 2074	7	3	  0.0273932	0.0834158	#_69        
 2006	7	4	   0.289583	   0.2585	#_70        
 2007	7	4	    0.18291	   0.2577	#_71        
 2008	7	4	   0.141528	   0.2577	#_72        
 2009	7	4	   0.102598	   0.2523	#_73        
 2010	7	4	   0.125194	   0.2515	#_74        
 2011	7	4	  0.0982517	   0.2515	#_75        
 2012	7	4	  0.0335151	   0.2515	#_76        
 2013	7	4	  0.0448288	   0.2515	#_77        
 2014	7	4	   0.127983	   0.2515	#_78        
 2015	7	4	  0.0734786	   0.2523	#_79        
 2016	7	4	   0.164571	   0.2523	#_80        
 2017	7	4	    0.30769	   0.2531	#_81        
 2018	7	4	   0.132948	   0.2523	#_82        
 2019	7	4	   0.117411	   0.2515	#_83        
 2020	7	4	  0.0979426	   0.2523	#_84        
 2021	7	4	   0.157976	   0.2531	#_85        
 2022	7	4	   0.182425	   0.2539	#_86        
 2023	7	4	  0.0637697	   0.2539	#_87        
 2024	7	4	   0.146536	   0.2562	#_88        
 2006	7	5	    0.53436	     0.47	#_89        
 2007	7	5	    0.21241	    0.464	#_90        
 2008	7	5	   0.445253	    0.472	#_91        
 2009	7	5	   0.412417	    0.476	#_92        
 2010	7	5	   0.507688	    0.465	#_93        
 2011	7	5	   0.190876	     0.46	#_94        
 2012	7	5	   0.171391	    0.459	#_95        
 2013	7	5	  0.0893877	    0.458	#_96        
 2014	7	5	   0.465954	    0.459	#_97        
 2015	7	5	     1.4921	    0.457	#_98        
 2016	7	5	    1.12917	    0.454	#_99        
 2017	7	5	   0.491778	    0.453	#_100       
 2018	7	5	   0.161486	    0.456	#_101       
 2019	7	5	   0.121309	    0.461	#_102       
 2020	7	5	   0.481041	    0.458	#_103       
 2021	7	5	   0.509272	    0.468	#_104       
 2022	7	5	   0.756938	    0.465	#_105       
 2023	7	5	   0.286959	    0.462	#_106       
 2024	7	5	   0.367677	    0.485	#_107       
 2006	7	7	    1.14835	   0.2445	#_108       
 2007	7	7	   0.779993	   0.2191	#_109       
 2008	7	7	    2.44955	   0.1823	#_110       
 2009	7	7	    1.00043	   0.1773	#_111       
 2010	7	7	    1.12134	   0.1807	#_112       
 2011	7	7	   0.583046	   0.1723	#_113       
 2012	7	7	   0.313601	    0.179	#_114       
 2013	7	7	   0.492118	   0.1714	#_115       
 2014	7	7	   0.815917	   0.1672	#_116       
 2015	7	7	    0.66706	   0.2046	#_117       
 2016	7	7	    2.29787	   0.1947	#_118       
 2017	7	7	    1.36245	   0.2103	#_119       
 2018	7	7	   0.766399	   0.2335	#_120       
 2019	7	7	   0.836532	   0.2601	#_121       
 2020	7	7	    0.94065	   0.2919	#_122       
 2021	7	7	   0.544326	   0.2882	#_123       
 2022	7	7	    1.41172	   0.2531	#_124       
 2023	7	7	    1.75094	   0.2437	#_125       
 2024	7	7	   0.728013	   0.2708	#_126       
 2006	7	8	   0.825667	   0.1007	#_127       
 2007	7	8	   0.429274	   0.0971	#_128       
 2008	7	8	    0.58842	   0.1007	#_129       
 2009	7	8	   0.625603	   0.0998	#_130       
 2010	7	8	   0.551599	   0.0989	#_131       
 2011	7	8	   0.269061	   0.0971	#_132       
 2012	7	8	   0.176226	   0.0953	#_133       
 2013	7	8	   0.131941	   0.0962	#_134       
 2014	7	8	   0.395803	   0.1035	#_135       
 2015	7	8	   0.599851	   0.1026	#_136       
 2016	7	8	   0.733633	   0.1007	#_137       
 2017	7	8	   0.624537	   0.1026	#_138       
 2018	7	8	   0.406077	   0.1142	#_139       
 2019	7	8	   0.401556	    0.108	#_140       
 2020	7	8	   0.653401	   0.1089	#_141       
 2021	7	8	   0.791904	   0.1398	#_142       
 2022	7	8	   0.695069	   0.2414	#_143       
 2023	7	8	    0.47911	   0.2143	#_144       
 2024	7	8	    0.48437	    1.189	#_145       
-9999	0	0	          0	        0	#_terminator
5 #_N_discard_fleets
#_discard_units (1=same_as_catchunits(bio/num); 2=fraction; 3=numbers)
#_discard_errtype:  >0 for DF of T-dist(read CV below); 0 for normal with CV; -1 for normal with se; -2 for lognormal
#
#_discard_fleet_info
#_fleet	units	errtype
1	2	-1	#_Observer_inshore_u10    
2	2	-1	#_Pot_fisheries_historical
3	2	-1	#_Pot_fisheries_u10       
4	2	-1	#_Pot_fisheries_10to12    
5	2	-1	#_Pot_fisheries_o12       
#
#_discard_data
#_year	month	fleet	obs	stderr
 2019	 9	1	    0.246	0.228	#_1         
 2020	 9	1	    0.246	0.228	#_2         
 2021	12	1	    0.246	0.228	#_3         
 2022	10	1	    0.246	0.146	#_4         
 2023	 9	1	    0.246	0.227	#_5         
 2024	 9	1	    0.246	0.312	#_6         
 1962	 7	2	   0.2615	0.228	#_7         
 1963	 7	2	 0.730011	0.228	#_8         
 1964	 7	2	 0.795507	0.228	#_9         
 1965	 7	2	  0.29644	0.228	#_10        
 1966	 7	2	  0.42235	0.228	#_11        
 1967	 7	2	   0.2615	0.228	#_12        
 1968	 7	2	 0.981278	0.228	#_13        
 1969	 7	2	  0.52158	0.228	#_14        
 1970	 7	2	 0.505174	0.228	#_15        
 1971	 7	2	 0.684521	0.228	#_16        
 1972	 7	2	 0.633933	0.228	#_17        
 1973	 7	2	 0.653278	0.228	#_18        
 1974	 7	2	 0.310899	0.228	#_19        
 1975	 7	2	  0.26794	0.228	#_20        
 1976	 7	2	 0.282861	0.228	#_21        
 1977	 7	2	 0.431165	0.228	#_22        
 1978	 7	2	 0.573601	0.228	#_23        
 1979	 7	2	  0.53317	0.228	#_24        
 1980	 7	2	  0.29875	0.228	#_25        
 1981	 7	2	 0.687588	0.228	#_26        
 1982	 7	2	 0.271862	0.228	#_27        
 1983	 7	2	 0.288002	0.228	#_28        
 1984	 7	2	 0.339509	0.228	#_29        
 1985	 7	2	 0.501661	0.228	#_30        
 1986	 7	2	 0.810112	0.228	#_31        
 1987	 7	2	 0.770372	0.228	#_32        
 1988	 7	2	 0.453979	0.228	#_33        
 1989	 7	2	 0.794688	0.228	#_34        
 1990	 7	2	 0.953742	0.228	#_35        
 1991	 7	2	   0.2615	0.228	#_36        
 1992	 7	2	 0.650999	0.228	#_37        
 1993	 7	2	 0.283769	0.228	#_38        
 1994	 7	2	   0.2615	0.228	#_39        
 1995	 7	2	 0.843245	0.228	#_40        
 1996	 7	2	 0.632966	0.228	#_41        
 1997	 7	2	 0.954326	0.228	#_42        
 1998	 7	2	 0.425177	0.228	#_43        
 1999	 7	2	 0.881338	0.228	#_44        
 2000	 7	2	 0.381078	0.228	#_45        
 2001	 7	2	 0.592088	0.228	#_46        
 2002	 7	2	 0.794678	0.228	#_47        
 2003	 7	2	  1.11267	0.228	#_48        
 2004	 7	2	 0.539429	0.228	#_49        
 2005	 7	2	 0.515391	0.228	#_50        
 2006	 7	3	 0.553731	0.228	#_51        
 2007	 7	3	 0.603835	0.228	#_52        
 2008	 7	3	 0.414404	0.228	#_53        
 2009	 7	3	 0.505865	0.228	#_54        
 2010	 7	3	 0.356402	0.228	#_55        
 2011	 7	3	 0.500198	0.228	#_56        
 2012	 7	3	 0.404339	0.228	#_57        
 2013	 7	3	 0.631099	0.228	#_58        
 2014	 7	3	 0.575175	0.228	#_59        
 2015	 7	3	 0.707407	0.228	#_60        
 2016	 7	3	 0.475671	0.228	#_61        
 2017	 7	3	 0.901294	0.228	#_62        
 2018	 7	3	 0.322595	0.228	#_63        
 2019	 7	3	 0.135207	0.228	#_64        
 2020	 7	3	 0.642589	0.228	#_65        
 2025	 7	3	    0.001	0.228	#_66        
 2026	 7	3	 0.554051	0.228	#_67        
 2027	 7	3	0.0901253	0.228	#_68        
 2028	 7	3	 0.140553	0.228	#_69        
 2029	 7	3	 0.141126	0.228	#_70        
 2030	 7	3	0.0240516	0.228	#_71        
 2031	 7	3	    0.001	0.228	#_72        
 2032	 7	3	  0.45049	0.228	#_73        
 2033	 7	3	 0.570446	0.228	#_74        
 2034	 7	3	 0.125886	0.228	#_75        
 2035	 7	3	 0.388147	0.228	#_76        
 2036	 7	3	 0.692068	0.228	#_77        
 2037	 7	3	 0.437405	0.228	#_78        
 2038	 7	3	 0.216292	0.228	#_79        
 2039	 7	3	 0.676464	0.228	#_80        
 2040	 7	3	 0.574271	0.228	#_81        
 2041	 7	3	  0.45435	0.228	#_82        
 2042	 7	3	 0.315658	0.228	#_83        
 2043	 7	3	 0.461182	0.228	#_84        
 2044	 7	3	 0.708239	0.228	#_85        
 2045	 7	3	 0.438761	0.228	#_86        
 2046	 7	3	  0.40572	0.228	#_87        
 2047	 7	3	 0.366682	0.228	#_88        
 2048	 7	3	 0.420961	0.228	#_89        
 2049	 7	3	  0.41891	0.228	#_90        
 2050	 7	3	 0.432943	0.228	#_91        
 2051	 7	3	 0.609385	0.228	#_92        
 2052	 7	3	 0.468739	0.228	#_93        
 2053	 7	3	 0.445665	0.228	#_94        
 2054	 7	3	 0.506387	0.228	#_95        
 2055	 7	3	 0.366252	0.228	#_96        
 2056	 7	3	 0.841844	0.228	#_97        
 2057	 7	3	 0.635178	0.228	#_98        
 2058	 7	3	 0.470581	0.228	#_99        
 2059	 7	3	 0.615949	0.228	#_100       
 2060	 7	3	 0.480061	0.228	#_101       
 2061	 7	3	 0.594063	0.228	#_102       
 2062	 7	3	 0.885836	0.228	#_103       
 2063	 7	3	 0.646755	0.228	#_104       
 2064	 7	3	 0.465376	0.228	#_105       
 2065	 7	3	 0.371616	0.228	#_106       
 2066	 7	3	 0.420001	0.228	#_107       
 2067	 7	3	    0.001	0.228	#_108       
 2068	 7	3	 0.342067	0.228	#_109       
 2069	 7	3	 0.720427	0.228	#_110       
 2070	 7	3	 0.581515	0.228	#_111       
 2071	 7	3	 0.758868	0.228	#_112       
 2072	 7	3	 0.346016	0.228	#_113       
 2073	 7	3	 0.753482	0.228	#_114       
 2074	 7	3	 0.613854	0.228	#_115       
-9999	 0	0	        0	    0	#_terminator
#
#_meanbodywt
0 #_use_meanbodywt
 #_DF_for_meanbodywt_T-distribution_like
#
#_population_length_bins
2 # length bin method: 1=use databins; 2=generate from binwidth,min,max below; 3=read vector
0.5 # binwidth for population size comp
3 # minimum size in the population (lower edge of first bin and size at age 0.00)
24 # maximum size in the population (lower edge of last bin)
1 #_use_lencomp
#
#_len_info
#_mintailcomp	addtocomp	combine_M_F	CompressBins	CompError	ParmSelect	minsamplesize
-1	1e-05	0	0	0	0	0.01	#_Observer_inshore_u10        
-1	1e-05	0	0	0	0	0.01	#_Pot_fisheries_historical    
-1	1e-05	0	0	0	0	0.01	#_Pot_fisheries_u10           
-1	1e-05	0	0	0	0	0.01	#_Pot_fisheries_10to12        
-1	1e-05	0	0	0	0	0.01	#_Pot_fisheries_o12           
-1	1e-05	0	0	0	0	0.01	#_Bycatch_fisheries_historical
-1	1e-05	0	0	0	0	0.01	#_Bycatch_fisheries_gillnet   
-1	1e-05	0	0	0	0	0.01	#_Bycatch_fisheries_trawl     
42 #_N_lbins
#_lbin_vector
3 3.5 4 4.5 5 5.5 6 6.5 7 7.5 8 8.5 9 9.5 10 10.5 11 11.5 12 12.5 13 13.5 14 14.5 15 15.5 16 16.5 17 17.5 18 18.5 19 19.5 20 20.5 21 21.5 22 22.5 23 23.5 #_lbin_vector
#
#_lencomp
#_year	month	fleet	sex	part	Nsamp	f3	f3.5	f4	f4.5	f5	f5.5	f6	f6.5	f7	f7.5	f8	f8.5	f9	f9.5	f10	f10.5	f11	f11.5	f12	f12.5	f13	f13.5	f14	f14.5	f15	f15.5	f16	f16.5	f17	f17.5	f18	f18.5	f19	f19.5	f20	f20.5	f21	f21.5	f22	f22.5	f23	f23.5	m3	m3.5	m4	m4.5	m5	m5.5	m6	m6.5	m7	m7.5	m8	m8.5	m9	m9.5	m10	m10.5	m11	m11.5	m12	m12.5	m13	m13.5	m14	m14.5	m15	m15.5	m16	m16.5	m17	m17.5	m18	m18.5	m19	m19.5	m20	m20.5	m21	m21.5	m22	m22.5	m23	m23.5
 2019	 9	1	3	0	 193	0	0	0	0	0	0	0	0	0	0	0	0	0	0	0	1	1	1	 1	 6	 13	 11	 11	 3	  5	 0	 1	  4	  4	 1	 6	 2	 1	 0	 0	 0	 0	0	0	0	0	0	0	0	0	0	0	0	0	0	0	0	0	0	0	0	6	 2	12	 7	16	20	 16	 15	 12	 3	  4	  4	  3	  0	  1	 0	 0	 0	 0	 0	 0	 0	0	0	0	0	0	0	#_1         
 2020	 2	1	3	0	 193	0	0	0	0	0	0	0	0	0	0	0	0	0	0	0	0	2	7	 8	 3	  5	  5	  6	 5	  6	 1	 4	  3	  2	 0	 1	 1	 1	 1	 0	 0	 0	0	0	0	0	0	0	0	0	0	0	0	0	0	0	1	0	1	0	0	2	 5	 6	14	11	19	 14	 12	 16	13	  8	  4	  2	  1	  2	 0	 1	 0	 0	 0	 0	 0	0	0	0	0	0	0	#_2         
 2022	 5	1	3	0	 193	0	0	0	0	0	0	0	0	0	0	0	0	0	0	0	0	0	1	 2	 3	  6	  5	  5	 7	 10	10	14	  2	  2	 9	 1	 2	 0	 0	 0	 0	 0	0	0	0	0	0	0	0	0	0	0	0	0	0	0	0	0	0	0	0	1	 1	 4	 3	 8	 7	  5	  9	 14	15	  9	  8	  9	 11	  2	 5	 2	 1	 0	 0	 0	 0	0	0	0	0	0	0	#_3         
 2023	 9	1	3	0	 193	0	0	0	0	0	0	0	0	0	0	0	0	0	0	0	0	0	0	 2	 2	  8	  4	  6	10	  7	 5	 4	 10	  7	 6	 7	 3	 1	 2	 0	 0	 0	0	0	0	0	0	0	0	0	0	0	0	0	0	0	0	0	0	0	0	0	 1	 3	 2	 8	11	 10	 11	 12	 9	 15	  5	  9	  4	  4	 2	 1	 1	 0	 0	 0	 1	0	0	0	0	0	0	#_4         
 2024	 9	1	3	0	 193	0	0	0	0	0	0	0	0	0	0	0	0	0	0	0	0	0	0	 2	 1	  6	  3	  7	17	  9	 5	 6	 10	 10	 4	10	 6	 3	 1	 0	 0	 0	0	0	0	0	0	0	0	0	0	0	0	0	0	0	0	0	0	0	0	1	 1	 0	 0	 2	 3	  7	  6	 14	13	 12	  8	  7	  9	  4	 3	 1	 0	 1	 1	 0	 0	0	0	0	0	0	0	#_5         
 2019	 9	1	3	2	 193	0	0	0	0	0	0	0	0	0	0	0	0	0	0	0	0	0	0	 0	 0	  0	  4	 19	14	  8	 4	 4	 10	  9	 6	 8	 7	 3	 4	 0	 0	 0	0	0	0	0	0	0	0	0	0	0	0	0	0	0	0	0	0	0	0	0	 0	 0	 0	 0	 0	  2	 14	 27	14	  8	 10	  8	  4	  3	 1	 0	 0	 2	 0	 0	 0	0	0	0	0	0	0	#_6         
 2022	10	1	3	2	 193	0	0	0	0	0	0	0	0	0	0	0	0	0	0	0	0	0	0	 0	 0	  0	  0	  6	 7	 12	10	 9	 12	  4	 8	 4	 2	 4	 0	 0	 0	 0	0	0	0	0	0	0	0	0	0	0	0	0	0	0	0	0	0	0	0	0	 0	 0	 0	 0	 0	  3	  6	 17	15	 12	 14	 13	 18	  6	 5	 3	 2	 0	 0	 1	 0	0	0	0	0	0	0	#_7         
 2023	 9	1	3	2	 193	0	0	0	0	0	0	0	0	0	0	0	0	0	0	0	0	0	0	 0	 0	  0	  1	  7	11	 12	 7	 6	  7	 13	 7	 8	 7	 4	 0	 0	 0	 0	0	0	0	0	0	0	0	0	0	0	0	0	0	0	0	0	0	0	0	0	 0	 0	 0	 0	 0	  0	  6	 21	17	 14	  7	  7	 10	  7	 6	 5	 1	 0	 1	 0	 0	0	0	0	0	0	1	#_8         
 2024	 9	1	3	2	 193	0	0	0	0	0	0	0	0	0	0	0	0	0	0	0	0	0	0	 0	 0	  1	  0	  5	 8	 14	10	 9	  8	 14	 9	 5	 7	 4	 0	 0	 0	 0	0	0	0	0	0	0	0	0	0	0	0	0	0	0	0	0	0	0	0	0	 0	 0	 0	 0	 0	  1	  8	 15	17	 18	  9	 11	 10	  3	 1	 3	 1	 2	 0	 0	 0	0	0	0	0	0	0	#_9         
 2019	 9	1	3	1	 193	0	0	0	0	0	0	0	0	0	0	0	0	1	0	3	1	1	2	 3	 9	  8	 11	  6	 5	  2	 1	 3	  0	  0	 2	 0	 0	 1	 0	 0	 0	 0	0	0	0	0	0	0	0	0	0	0	0	0	0	0	0	1	0	3	4	3	13	13	13	17	14	 23	 14	  9	 4	  2	  0	  0	  0	  1	 0	 0	 0	 0	 0	 0	 0	0	0	0	0	0	0	#_10        
 2022	10	1	3	1	 193	0	0	0	0	0	0	0	0	0	0	0	0	0	0	1	4	1	1	 0	 4	  9	 11	  8	 3	  7	 4	 3	  2	  3	 6	 2	 0	 0	 0	 0	 0	 0	0	0	0	0	0	0	0	0	0	0	0	0	0	0	0	0	0	0	0	2	 7	 6	 4	 7	15	 21	 19	  4	10	  3	  7	  5	  5	  3	 5	 1	 0	 0	 0	 0	 0	0	0	0	0	0	0	#_11        
 2023	 9	1	3	1	 193	0	0	0	0	0	0	0	0	0	0	0	0	0	1	0	0	0	1	 7	10	  6	 11	  5	 2	  2	 4	 2	  2	  5	 0	 2	 4	 2	 0	 0	 0	 0	0	0	0	0	0	0	0	0	0	0	0	0	0	0	0	0	0	0	0	2	 0	 6	 4	11	25	 28	 20	  8	 8	  2	  3	  0	  2	  2	 0	 1	 3	 2	 0	 0	 0	0	0	0	0	0	0	#_12        
 2024	 9	1	3	1	 193	0	0	0	0	0	0	0	0	0	0	0	0	0	0	0	0	0	0	 3	 3	  7	  5	  8	 3	  4	 7	 7	  2	  5	 6	 5	 3	 0	 3	 0	 0	 0	0	0	0	0	0	0	0	0	0	0	0	0	1	0	0	0	0	0	1	1	 0	 2	 2	11	12	 18	 20	  7	15	 12	  3	  5	  4	  3	 2	 0	 3	 0	 0	 0	 0	0	0	0	0	0	0	#_13        
 2025	 7	1	3	0	 193	0	0	0	0	0	0	0	0	0	0	0	0	0	0	0	2	1	4	 0	 1	  1	  1	  8	 8	  4	 8	 8	  4	  9	 6	 3	 8	 7	 1	 1	 0	 0	0	0	0	0	0	0	0	0	0	0	0	0	0	0	0	0	1	2	2	2	11	 4	 7	 7	 6	  8	  5	  8	 6	 10	  5	  9	  9	  3	 1	 1	 0	 1	 0	 0	 0	0	0	0	0	0	0	#_14        
 2026	 7	1	3	0	 193	0	0	0	0	0	0	0	0	0	0	0	0	0	0	1	1	1	1	 8	10	  6	 11	  9	 4	  6	 2	 2	  2	  2	 2	 4	 1	 3	 1	 0	 0	 0	0	0	0	0	0	0	0	0	0	0	0	0	0	0	0	0	0	1	2	1	 4	 5	 6	 9	15	 12	 11	 19	12	  5	  3	  5	  2	  2	 0	 0	 1	 0	 0	 1	 0	0	0	0	0	0	0	#_15        
 2027	 7	1	3	0	 193	0	0	0	0	0	0	0	0	0	0	0	0	1	0	2	3	2	0	 1	 4	  4	  8	  5	 6	  5	 6	 5	  5	  3	 1	 4	 0	 0	 1	 0	 0	 0	0	0	0	0	0	0	0	0	0	0	0	0	0	0	0	0	1	0	2	2	 4	 4	 6	 4	 9	 17	 11	 13	17	 15	  8	  4	  2	  3	 2	 1	 0	 0	 2	 0	 0	0	0	0	0	0	0	#_16        
 2028	 7	1	3	0	 193	0	0	0	0	0	0	0	0	0	0	0	0	0	0	0	0	1	1	 0	 4	  3	  9	  6	 7	  6	 3	 7	  3	  3	 3	 1	 2	 1	 0	 0	 0	 0	0	0	0	0	0	0	0	0	0	0	0	0	0	0	0	0	0	0	0	0	 2	 0	 5	11	11	 14	 21	 12	14	  9	  8	 12	  6	  4	 2	 2	 0	 0	 0	 0	 0	0	0	0	0	0	0	#_17        
 2029	 7	1	3	0	 193	0	0	0	0	0	0	0	0	0	0	0	0	0	1	0	0	0	1	 0	 1	  3	  5	  3	 7	 13	14	12	  4	  5	 4	 3	 2	 3	 1	 1	 0	 0	0	0	0	0	0	0	0	0	0	0	0	0	0	0	0	0	0	0	0	0	 0	 1	 2	 4	 4	  5	 13	  9	20	 15	 13	  9	  6	  3	 3	 1	 0	 0	 1	 1	 0	0	0	0	0	0	0	#_18        
 2030	 7	1	3	0	 193	0	0	0	0	0	0	0	0	0	0	0	0	0	0	0	1	1	0	 0	 1	  4	  2	  3	 2	  4	 7	10	  9	  8	 3	 6	 4	 3	 0	 0	 0	 0	0	0	0	0	0	0	0	0	0	0	0	0	0	0	0	1	0	0	0	0	 2	 1	 2	 2	 2	  4	  6	  6	 5	  7	 12	 18	 21	  9	12	 5	 6	 3	 1	 0	 0	0	0	0	0	0	0	#_19        
 2031	 7	1	3	0	 193	0	0	0	0	0	0	0	0	0	0	0	0	0	0	0	3	0	0	 1	 3	  2	  8	  3	 5	  6	 5	 9	  9	 11	 7	11	 5	 2	 3	 0	 0	 0	0	0	0	0	0	0	0	0	0	0	0	0	0	0	0	0	0	0	1	2	 3	 3	 2	 4	 6	  5	  5	  4	 3	  1	  4	  7	  7	  8	10	13	 6	 2	 3	 0	 1	0	0	0	0	0	0	#_20        
 2032	 7	1	3	0	 193	0	0	0	0	0	0	0	0	0	0	0	0	0	0	0	1	1	0	 0	 3	  4	  5	  7	 2	  6	 3	 2	  7	  4	 1	 8	 4	 1	 2	 0	 0	 0	0	0	0	0	0	0	0	0	0	0	0	0	0	0	0	0	1	1	0	3	 0	10	 2	15	13	 16	  9	 18	 6	  3	  4	  1	  2	  4	 5	 5	 4	 5	 1	 2	 2	0	0	0	0	0	0	#_21        
 2033	 7	1	3	0	 193	0	0	0	0	0	0	0	0	0	0	0	0	0	0	1	1	1	0	 3	 2	  3	  8	  6	10	  5	 5	 1	  7	  2	 6	 5	 3	 1	 0	 0	 0	 0	0	0	0	0	0	0	0	0	0	0	0	0	0	0	0	0	0	0	0	1	 1	 4	 5	11	10	 16	 11	 13	 9	 12	  7	 10	  6	  3	 2	 2	 0	 0	 0	 0	 0	0	0	0	0	0	0	#_22        
 2034	 7	1	3	0	 193	0	0	0	0	0	0	0	0	0	0	0	0	0	0	0	0	1	0	 1	 0	  7	  1	  4	 9	  8	11	 3	  4	  9	 5	 1	 2	 1	 2	 0	 0	 0	0	0	0	0	0	0	0	0	0	0	0	0	0	0	0	0	0	0	0	0	 0	 1	 0	 6	 3	 15	 11	 14	20	 12	  6	  7	 13	  8	 3	 2	 1	 0	 1	 0	 0	0	1	0	0	0	0	#_23        
 2035	 7	1	3	0	 193	0	0	0	0	0	0	0	0	0	0	0	0	0	0	0	0	0	2	 0	 1	  1	  1	  3	17	  6	 9	 7	  7	  6	 5	 4	 5	 5	 2	 0	 0	 0	0	0	0	0	0	0	0	0	0	0	0	0	0	0	0	0	0	0	1	0	 1	 0	 2	 1	 1	  2	  8	 13	19	  7	 11	  6	 11	 12	 5	 2	 4	 2	 0	 2	 1	1	0	0	0	0	0	#_24        
 2036	 7	1	3	0	 193	0	0	0	0	0	0	0	0	0	0	0	0	0	0	0	1	0	1	 0	 0	  1	  6	  3	 5	  5	 6	 7	  6	  9	10	 7	 6	 4	 1	 2	 0	 0	0	0	0	0	0	0	0	0	0	0	0	0	0	0	1	0	0	0	1	0	 0	 1	 2	 2	 5	  1	  4	  2	 3	  9	  7	 11	  7	 11	16	14	 7	 3	 4	 1	 1	0	0	0	0	0	0	#_25        
 2037	 7	1	3	0	 193	0	0	0	0	0	0	0	0	0	0	0	0	0	0	0	0	1	1	 2	 3	  3	  6	  3	 8	 10	 5	 5	  7	  9	 6	 8	 7	 2	 3	 0	 0	 0	0	0	0	0	0	0	0	0	0	0	0	0	0	0	0	0	0	1	0	2	 0	 1	 5	 8	 4	  8	  8	  7	10	  5	  4	  3	  5	  5	 3	 9	 7	 2	 3	 4	 0	0	0	0	0	0	0	#_26        
 2038	 7	1	3	0	 193	0	0	0	0	0	0	0	0	0	0	0	0	0	0	2	2	2	1	 2	 2	  2	  5	  3	 8	  4	 9	 5	  5	  4	 5	 4	 4	 5	 2	 0	 0	 0	0	0	0	0	0	0	0	0	0	0	0	0	0	0	0	1	0	2	1	4	 4	 9	 6	 5	 6	 12	  8	 13	 6	  9	  6	  2	  0	  0	 4	 4	 3	 2	 5	 4	 1	0	0	0	0	0	0	#_27        
 2039	 7	1	3	0	 193	0	0	0	0	0	0	0	0	0	0	0	0	0	0	0	2	1	1	 2	 3	 11	 10	  6	 1	  3	 3	 2	  2	  3	 3	 2	 1	 2	 2	 0	 0	 0	0	0	0	0	0	0	0	0	0	0	0	0	0	0	0	0	0	0	1	3	 2	 6	 6	14	11	 16	 16	 18	10	 10	  8	  3	  1	  3	 2	 1	 0	 0	 0	 2	 0	0	0	0	0	0	0	#_28        
 2040	 7	1	3	0	 193	0	0	0	0	0	0	0	0	0	0	0	0	0	0	0	0	0	1	 1	 4	  2	 11	  6	 5	  9	 6	 4	  5	  4	 2	 0	 2	 1	 0	 0	 0	 0	0	0	1	0	0	0	0	0	0	0	0	0	0	0	0	0	0	0	0	0	 1	 3	 2	 2	 8	 11	 13	 19	11	 14	 11	 12	  4	  4	 6	 5	 1	 0	 1	 1	 0	0	0	0	0	0	0	#_29        
 2041	 7	1	3	0	 193	0	0	0	0	0	0	0	0	0	0	0	0	0	0	0	1	0	0	 0	 0	  0	  4	  7	 8	 15	10	 6	  5	  4	 6	 1	 3	 3	 0	 0	 0	 0	0	0	0	0	0	0	0	0	0	0	0	0	0	0	0	0	0	0	1	2	 0	 0	 2	 0	 3	  7	  4	 11	12	 11	 11	 14	 14	 14	 7	 6	 1	 0	 0	 0	 0	0	0	0	0	0	0	#_30        
 2042	 7	1	3	0	 193	0	0	0	0	0	0	0	0	0	0	0	0	0	0	0	1	0	0	 0	 1	  5	  7	  6	 4	  4	 9	 4	 10	  6	 4	 5	 4	 0	 1	 0	 0	 0	0	0	0	0	0	0	0	0	0	0	0	0	0	0	0	0	0	0	0	0	 1	 0	 5	 2	 4	 15	  4	  6	 7	  6	  9	  9	 10	 11	13	11	 5	 2	 2	 0	 0	0	0	0	0	0	0	#_31        
 2043	 7	1	3	0	 193	0	0	0	0	0	0	0	0	0	0	0	0	0	0	0	1	0	0	 1	 2	  4	  7	  5	 6	  3	 6	 5	  9	  5	 8	 5	 7	 8	 2	 1	 0	 0	0	0	0	0	0	0	0	0	0	0	0	0	0	0	0	0	0	0	0	1	 1	 1	 1	 2	 4	  4	  5	 10	 2	  7	  9	 10	  6	  7	 9	 8	 8	 5	 5	 2	 0	1	0	0	0	0	0	#_32        
 2044	 7	1	3	0	 193	0	0	0	0	0	0	0	0	0	0	0	0	0	0	0	0	0	1	 0	 3	  7	  4	  2	 7	  5	 6	 8	  6	  7	 8	10	 1	 1	 2	 0	 1	 0	0	0	0	0	0	0	0	0	0	0	0	0	0	0	0	0	0	0	0	0	 0	 3	 4	 6	 6	  5	  8	 14	 4	  9	  6	 12	  4	  7	 8	 2	 4	 8	 2	 1	 0	1	0	0	0	0	0	#_33        
 2045	 7	1	3	0	 193	0	0	0	0	0	0	0	0	0	0	0	0	0	0	0	0	1	0	 0	 1	  4	  3	  4	 2	  6	12	 8	  9	  3	12	 5	 5	 7	 6	 0	 0	 0	0	0	0	0	0	0	0	0	0	0	0	0	0	0	0	0	0	0	1	1	 1	 0	 3	 3	 8	  7	  5	  6	12	 11	  6	  8	  4	  8	 5	 5	 4	 3	 2	 1	 1	0	0	0	0	0	0	#_34        
 2046	 7	1	3	0	 193	0	0	0	0	0	0	0	0	0	0	0	0	0	1	2	1	2	0	 1	 2	  3	  1	  5	 7	  6	 2	 2	  7	  7	 5	 7	 1	 4	 0	 0	 0	 0	0	0	0	0	0	0	0	0	0	0	0	0	0	0	0	0	0	1	2	3	 2	 5	 6	 5	 4	 11	  9	  9	 9	  9	  5	  7	 10	  5	 5	 7	 6	 2	 2	 2	 0	1	0	0	0	0	0	#_35        
 2047	 7	1	3	0	 193	0	0	0	0	0	0	0	0	0	0	0	0	0	0	0	2	0	1	 2	 4	  2	  4	  8	 6	  5	10	 1	  2	  6	 2	 1	 3	 0	 2	 0	 0	 0	0	0	0	0	0	0	0	0	0	0	0	0	0	0	0	0	0	0	2	0	 4	 6	 4	12	11	 15	 17	 15	11	  6	 14	  2	  2	  2	 0	 3	 2	 0	 2	 1	 0	1	0	0	0	0	0	#_36        
 2048	 7	1	3	0	 193	0	0	0	0	0	0	0	0	0	0	0	0	0	0	1	0	0	0	 1	 2	  6	  8	 10	 9	  4	 9	 7	  4	  1	 4	 3	 2	 1	 0	 0	 0	 0	0	0	0	0	0	0	0	0	0	0	0	0	0	0	0	0	0	0	1	1	 2	 3	 5	11	13	 10	 18	 11	10	  7	  8	  7	  5	  1	 4	 0	 1	 2	 0	 0	 0	1	0	0	0	0	0	#_37        
 2049	 7	1	3	0	 193	0	0	0	0	0	0	0	0	0	0	0	0	0	0	0	0	0	0	 3	 9	  7	  6	  8	 7	  6	 1	 4	  4	  1	 4	 4	 5	 2	 1	 0	 0	 0	0	0	0	0	0	0	0	0	0	0	0	0	0	0	0	0	1	0	0	0	 0	 1	 2	 3	 5	 10	  8	 19	11	 14	 14	 12	  7	  7	 3	 1	 0	 0	 2	 0	 1	0	0	0	0	0	0	#_38        
 2050	 7	1	3	0	 193	0	0	0	0	0	0	0	0	0	0	0	0	0	0	0	0	0	0	 3	 0	  0	  6	  2	 5	  5	 7	 8	  8	  9	 7	 6	 6	 2	 1	 0	 0	 0	0	0	0	0	0	0	0	0	0	0	0	0	0	0	0	0	0	0	0	1	 2	 0	 1	 2	 6	  5	  5	 13	 9	 13	  9	 14	 14	  8	 5	 4	 4	 1	 0	 1	 0	0	1	0	0	0	0	#_39        
 2051	 7	1	3	0	 193	0	0	0	0	0	0	0	0	0	0	0	0	0	0	1	0	0	0	 1	 4	  3	  4	  3	 5	  3	 6	 7	  8	  8	 5	 8	 5	 5	 1	 1	 0	 0	0	0	0	0	0	0	0	0	0	0	0	0	0	0	0	0	0	0	0	1	 0	 1	 4	 2	 6	  3	 10	  6	 8	  7	  8	  5	 10	 10	 2	16	 5	 6	 4	 1	 0	0	0	0	0	0	0	#_40        
 2052	 7	1	3	0	 193	0	0	0	0	0	0	0	0	0	0	0	0	0	0	0	2	2	0	 0	 0	  3	  4	  4	 6	  6	 5	 9	  6	  6	 4	 6	 1	 5	 3	 1	 0	 0	0	0	0	0	0	0	0	0	0	0	0	0	0	0	0	0	0	1	2	4	 5	 0	 4	 2	 3	  6	  7	 10	10	 11	  6	 12	  3	  7	 6	 7	 5	 4	 4	 1	 0	0	0	0	0	0	0	#_41        
 2053	 7	1	3	0	 193	0	0	0	0	0	0	0	0	0	0	0	0	0	0	1	0	1	1	 2	 2	  3	 10	  7	 6	  2	 1	 7	  7	  2	 5	 5	 1	 4	 0	 0	 0	 0	0	0	0	0	0	0	0	0	0	0	0	0	0	0	0	0	1	0	0	1	 0	 5	 7	10	14	 22	  9	 11	 7	  8	  3	  7	  5	  2	 4	 3	 2	 2	 1	 1	 1	0	0	0	0	0	0	#_42        
 2054	 7	1	3	0	 193	0	0	0	0	0	0	0	0	0	0	0	0	0	0	0	0	3	2	 2	 1	  3	  1	  5	 6	  7	11	 7	 10	  3	 4	 3	 2	 3	 1	 0	 0	 0	0	0	0	0	0	0	0	0	0	0	0	0	0	0	0	0	0	1	1	2	 3	 2	 4	 4	 7	  7	 12	 11	16	 12	 13	  7	  8	  1	 2	 1	 2	 0	 1	 1	 1	0	0	0	0	0	0	#_43        
 2055	 7	1	3	0	 193	0	0	0	0	0	0	0	0	0	0	0	0	1	0	0	1	0	0	 4	 3	  5	  7	  9	 6	  4	 6	 2	  3	  7	 3	 2	 0	 3	 0	 0	 0	 0	0	0	0	0	0	0	0	0	0	0	0	0	0	0	0	0	0	1	1	0	 1	 2	 2	 7	11	 12	 16	 13	10	  9	 12	 10	  5	  5	 1	 1	 0	 4	 1	 1	 1	1	0	0	0	0	0	#_44        
 2056	 7	1	3	0	 193	0	0	0	0	0	0	0	0	0	0	0	0	0	0	0	1	0	0	 0	 3	  5	  8	  7	 5	  4	 4	 5	  6	  5	 5	 1	 0	 1	 0	 1	 0	 0	0	0	0	0	0	0	0	0	0	0	0	0	0	0	0	0	0	0	0	0	 0	 2	 3	 3	 6	 10	 14	 23	10	 11	  8	  9	  9	 10	 3	 5	 4	 0	 0	 2	 0	0	0	0	0	0	0	#_45        
 2057	 7	1	3	0	 193	0	0	0	0	0	0	0	0	0	0	0	0	1	0	0	0	0	0	 1	 2	  2	  2	  4	 5	 11	11	10	 10	  7	 2	 1	 3	 1	 0	 0	 0	 0	0	0	0	0	0	0	0	0	0	0	0	0	0	0	0	0	0	0	0	0	 1	 1	 0	 0	 4	  4	  4	 14	12	 14	 12	  9	 11	 13	 5	 8	 3	 3	 1	 0	 1	0	0	0	0	0	0	#_46        
 2058	 7	1	3	0	 193	0	0	0	0	0	0	0	0	0	0	0	0	0	0	0	0	0	1	 0	 2	  5	  3	  2	 4	  5	 6	 7	 10	  6	 7	 4	 6	 3	 6	 0	 0	 0	0	0	0	0	0	0	0	0	0	0	0	0	0	0	0	0	0	1	2	2	 1	 7	 3	 7	11	  6	  8	  3	 8	  8	  8	  7	  9	  8	 2	 9	 3	 1	 0	 2	 0	0	0	0	0	0	0	#_47        
 2059	 7	1	3	0	 193	0	0	0	0	0	0	0	0	0	0	0	0	0	0	0	0	2	1	 2	 4	  9	 13	  9	 4	  5	 5	 3	  5	  4	 2	 1	 1	 4	 0	 1	 0	 0	0	0	0	0	0	0	0	0	0	0	0	0	0	0	0	0	0	0	2	0	 1	 0	 5	11	 7	 13	 16	 13	 8	  9	  6	  4	  2	  2	 2	 7	 4	 3	 1	 2	 0	0	0	0	0	0	0	#_48        
 2060	 7	1	3	0	 193	0	0	0	0	0	0	0	0	0	0	0	0	0	0	0	0	0	0	 1	 1	  1	  4	  6	 6	 10	 7	 7	  0	  6	 5	 6	 2	 2	 1	 0	 0	 0	0	0	0	0	0	0	0	0	0	0	0	0	1	0	0	0	0	0	0	0	 0	 0	 1	 3	 9	  7	  9	 12	19	 18	 16	 12	  4	  4	 7	 2	 2	 1	 1	 0	 0	0	0	0	0	0	0	#_49        
 2061	 7	1	3	0	 193	0	0	0	0	0	0	0	0	0	0	0	0	0	0	2	3	0	1	 1	 1	  2	  0	  1	 4	  3	 4	 8	  7	  5	10	 3	 8	 2	 2	 0	 0	 0	0	0	0	0	0	0	0	0	0	0	0	0	0	0	0	0	0	0	1	5	 8	 6	 4	 2	 6	  4	  2	  3	 9	  7	  9	  9	 19	 10	 7	 5	 3	 2	 1	 3	 1	0	0	0	0	0	0	#_50        
 2062	 7	1	3	0	 193	0	0	0	0	0	0	0	0	0	0	0	0	0	0	0	0	1	2	 3	11	  6	  6	  9	 5	  3	 3	 0	  2	  2	 3	 3	 1	 1	 1	 0	 0	 0	0	0	0	0	0	0	0	0	0	0	0	0	0	0	0	0	0	0	0	3	 4	 7	12	10	17	 17	 17	 12	 6	 12	  0	  1	  0	  1	 1	 8	 2	 0	 0	 0	 0	0	0	0	0	0	1	#_51        
 2063	 7	1	3	0	 193	0	0	0	0	0	0	0	0	0	0	0	0	0	0	0	0	0	0	 1	 1	  1	  6	  5	 4	 10	 7	 6	  1	  2	 6	 3	 0	 1	 0	 0	 0	 0	0	0	0	0	0	0	0	0	0	0	0	0	0	0	0	0	0	0	0	1	 1	 1	 1	17	 8	 14	 20	 10	21	 11	 15	  8	  7	  1	 0	 1	 1	 1	 0	 0	 0	0	0	0	0	0	0	#_52        
 2064	 7	1	3	0	 193	0	0	0	0	0	0	0	0	0	0	0	0	0	1	0	0	0	0	 0	 0	  4	  3	  6	 2	  8	 8	13	  4	  4	 6	 3	 3	 2	 1	 0	 0	 0	0	0	0	0	0	0	0	0	0	0	0	0	0	0	0	0	0	0	0	0	 2	 1	 4	 1	 1	  4	  5	 15	14	 14	  9	 17	  9	 13	 3	 4	 4	 3	 1	 0	 0	1	0	0	0	0	0	#_53        
 2065	 7	1	3	0	 193	0	0	0	0	0	0	0	0	0	0	0	0	0	0	0	0	0	1	 0	 2	  1	  1	  4	 4	  6	 5	12	 12	 12	 5	 6	 7	 0	 2	 0	 0	 0	0	0	0	0	0	0	0	0	0	0	0	0	0	0	0	0	0	0	0	0	 0	 2	 1	 7	 0	  1	  4	  4	 5	  6	  6	 11	 12	 17	 8	 8	 9	 6	 3	 1	 1	1	0	0	0	0	0	#_54        
 2066	 7	1	3	0	 193	0	0	0	0	0	0	0	0	0	0	0	0	0	0	0	0	0	0	 3	 1	  3	  5	  6	 0	  5	 7	 4	  8	 13	 7	18	 5	 6	 5	 0	 0	 0	0	0	0	0	0	0	0	0	0	0	0	0	0	0	0	0	0	0	2	0	 0	 2	 0	 5	 5	  4	  5	  8	 6	  5	  0	  5	  5	  6	 9	 6	 7	 8	 6	 2	 0	1	0	0	0	0	0	#_55        
 2067	 7	1	3	0	 193	0	0	0	0	0	0	0	0	0	0	0	0	0	0	0	0	0	0	 2	 1	  0	  0	  6	 9	 10	 8	 7	 11	 10	 5	 9	 6	 4	 7	 0	 0	 0	0	0	0	0	0	0	0	0	0	0	0	0	0	0	0	0	1	0	0	0	 1	 0	 3	 0	 1	  5	  2	  5	12	 12	  8	  7	  5	  6	 5	 7	 3	 6	 6	 2	 1	0	0	0	0	0	0	#_56        
 2068	 7	1	3	0	 193	0	0	0	0	0	0	0	0	0	0	0	0	0	0	0	0	1	0	 4	 5	  3	  3	  5	 4	  7	 3	 7	  3	 10	16	 5	 5	 5	 5	 1	 0	 0	0	0	0	0	0	0	0	0	0	0	0	0	0	0	0	0	0	1	0	1	 1	 2	 4	12	 3	  6	  6	  8	 4	  4	  5	  5	  6	  7	 3	 5	 5	 6	 2	 3	 1	1	0	0	0	0	0	#_57        
 2069	 7	1	3	0	 193	0	0	0	0	0	0	0	0	0	0	0	0	0	0	0	3	1	1	 2	 4	  5	 10	  5	 5	  0	 5	 5	  5	  3	 5	 6	 4	 4	 1	 0	 0	 0	0	0	0	0	0	0	0	0	0	0	0	0	0	0	0	0	0	0	0	0	 2	 2	11	 7	12	 17	  9	 10	 5	  5	  6	  8	  7	  4	 1	 3	 3	 1	 0	 2	 2	1	1	0	0	0	0	#_58        
 2070	 7	1	3	0	 193	0	0	0	0	0	0	0	0	0	0	0	0	0	1	2	4	0	1	 0	 3	  5	  3	  4	 6	  4	 8	 4	  3	  6	 1	 2	 1	 3	 0	 0	 0	 0	0	0	0	0	0	0	0	0	0	0	0	0	0	0	0	0	1	1	4	6	 6	 6	11	 8	10	 10	 12	 14	 9	  9	  7	  7	  3	  1	 1	 2	 1	 2	 1	 0	 0	0	0	0	0	0	0	#_59        
 2071	 7	1	3	0	 193	0	0	0	0	0	0	0	0	0	0	0	0	0	2	0	2	3	3	 2	 6	  7	  4	  6	 6	  4	 1	 4	  0	  4	 2	 1	 0	 3	 1	 0	 0	 0	0	0	0	0	0	0	0	0	0	0	0	0	0	0	0	0	0	0	1	2	 6	 9	 9	13	13	 15	 20	 15	 7	  4	  2	  5	  2	  3	 1	 1	 2	 0	 2	 0	 0	0	0	0	0	0	0	#_60        
 2072	 7	1	3	0	 193	0	0	0	0	0	0	0	0	0	0	0	0	0	0	0	0	0	1	 0	 4	 13	  5	 10	 4	  4	 6	 2	  5	  0	 1	 1	 0	 0	 0	 0	 0	 0	0	0	0	0	0	0	0	0	0	0	0	0	0	0	0	0	0	0	0	0	 1	 7	 8	 6	 8	 20	 23	 14	18	  7	  7	 12	  3	  0	 1	 1	 0	 1	 0	 0	 0	0	0	0	0	0	0	#_61        
 2073	 7	1	3	0	 193	0	0	0	0	0	0	0	0	0	0	0	0	0	0	0	0	0	0	 2	 1	  4	  5	  7	 4	  8	 8	 8	  9	  3	 5	 2	 0	 2	 0	 0	 0	 0	0	0	0	0	0	0	0	0	0	0	0	0	0	0	0	0	0	0	0	0	 2	 2	 1	 0	 4	  7	 10	 20	13	 15	 11	 14	  9	  7	 4	 4	 0	 0	 1	 1	 0	0	0	0	0	0	0	#_62        
 2074	 7	1	3	0	 193	0	0	0	0	0	0	0	0	0	0	0	0	0	0	0	0	0	0	 2	 4	  6	  6	  4	 6	  4	 8	 6	  9	  7	 8	 6	 1	 4	 1	 0	 0	 0	0	0	0	0	0	0	0	0	0	0	0	0	0	0	0	0	0	0	0	0	 0	 0	 3	 6	10	 10	  8	  5	 4	  7	  7	 11	  7	 11	 7	 8	 6	 1	 0	 0	 0	0	0	0	0	0	0	#_63        
 1983	 9	2	3	2	1417	0	0	0	0	0	0	0	0	0	0	0	0	0	0	0	0	0	3	11	25	 39	 48	 90	80	 71	61	62	 61	 44	36	23	21	12	12	 3	 3	 3	2	0	0	0	0	0	0	0	0	0	0	0	0	0	0	0	0	1	0	0	 1	 2	 3	16	24	 28	 56	 70	79	 97	 67	 53	 55	 37	32	24	18	13	12	 8	 6	1	3	1	0	0	0	#_64        
 1984	 8	2	3	2	1417	0	0	0	0	0	0	0	0	0	0	0	0	0	0	0	0	0	5	10	21	 42	 47	 73	68	 82	65	75	 40	 32	22	33	16	14	 4	 5	 3	 4	5	2	0	0	0	0	0	0	0	0	0	0	0	0	0	0	0	0	1	0	 0	 1	 5	12	21	 43	 57	 57	83	 97	 75	 65	 50	 44	39	33	22	17	 9	 7	 7	3	1	0	0	0	0	#_65        
 1985	 6	2	3	2	1417	0	0	0	0	0	0	0	0	0	0	0	0	0	0	0	0	0	3	10	20	 39	 65	 60	76	 64	66	55	 51	 38	31	28	22	17	14	13	 1	 2	0	1	0	0	0	0	0	0	0	0	0	0	0	0	0	0	0	0	0	0	 2	 0	 7	 6	15	 38	 42	 63	82	 77	 71	 75	 48	 50	38	41	20	22	16	12	 8	4	4	0	0	0	0	#_66        
 1988	 6	2	3	2	1417	0	0	0	0	0	0	0	0	0	1	1	0	0	0	0	0	1	2	 8	22	 43	 60	 54	51	 71	63	60	 60	 57	41	39	22	24	15	12	 9	 8	3	0	0	0	0	0	0	0	0	0	0	0	0	0	0	0	0	0	0	0	 0	 2	 3	12	15	 18	 35	 50	54	 62	 61	 63	 63	 67	48	39	37	23	15	11	 5	2	4	1	0	0	0	#_67        
 1989	 9	2	3	2	1417	0	0	0	0	0	0	0	0	0	0	0	0	0	0	0	0	0	2	 1	 8	  8	 34	 40	69	 75	64	70	 71	 65	52	44	40	40	 9	15	12	 2	4	2	0	0	0	0	0	0	0	0	0	0	0	0	0	0	0	0	0	1	 0	 3	 2	 1	10	 13	 30	 36	57	 72	 61	 59	 64	 54	54	46	46	35	20	12	 9	3	2	0	0	0	0	#_68        
 1990	 6	2	3	2	1417	0	0	0	0	0	0	0	0	0	0	0	0	1	0	0	0	0	5	13	25	 57	 76	 67	60	 55	64	57	 69	 41	45	54	40	30	23	25	14	11	5	0	1	0	0	0	0	0	0	0	0	0	0	0	0	0	0	0	0	0	 0	 1	 5	20	18	 46	 44	 41	49	 37	 35	 22	 48	 43	29	24	30	26	29	11	11	5	3	2	0	0	0	#_69        
 1991	 9	2	3	2	1417	0	0	0	0	0	0	0	0	0	0	0	0	0	0	0	0	0	7	 5	 8	 36	 47	 75	66	 69	65	63	 57	 51	48	38	29	30	22	11	26	10	4	4	0	1	0	0	0	0	0	0	0	0	0	0	0	0	1	0	0	8	 3	 9	13	16	20	 32	 37	 57	76	 89	 59	 51	 35	 25	22	14	16	15	13	14	 7	8	3	2	0	0	0	#_70        
 1992	 6	2	3	2	1417	0	0	0	0	0	0	0	0	0	0	0	0	0	0	0	1	0	8	30	66	107	129	121	64	 46	19	30	 18	 17	14	12	 5	 9	 5	 4	 3	 2	0	1	0	0	0	0	0	0	0	0	0	0	0	0	0	0	0	0	0	0	 0	 2	12	28	67	106	128	119	81	 57	 37	 17	 18	  7	 6	 4	 4	 5	 0	 4	 3	0	0	0	0	0	1	#_71        
 1994	11	2	3	2	1417	0	0	0	0	0	0	0	0	0	0	0	0	0	0	0	0	0	0	 0	 2	  1	  9	 22	34	 67	65	73	 88	 63	76	62	43	21	22	11	 5	 1	1	1	0	0	0	0	1	0	0	0	0	0	0	0	0	0	0	0	0	0	 0	 0	 0	 1	 0	  2	  4	  9	26	 49	 68	103	126	117	99	65	41	15	12	 5	 4	3	0	0	0	0	0	#_72        
 1998	 8	2	3	2	1417	0	0	0	0	0	0	0	0	0	0	0	0	0	0	0	0	0	1	 1	 6	 30	 49	 65	88	 88	98	89	 61	 49	58	30	23	18	 9	13	 6	 2	3	1	0	0	0	0	0	0	0	0	0	0	0	0	0	0	0	0	0	0	 1	 1	 0	 3	10	  7	 33	 65	72	104	 85	 67	 58	 44	35	19	 6	 8	 6	 4	 1	0	0	0	0	0	0	#_73        
 1999	 9	2	3	2	1417	0	0	0	0	0	0	0	0	0	0	0	0	0	0	0	0	0	0	 0	 1	  6	 14	 38	68	 97	89	98	 97	 78	70	32	39	14	 9	10	 5	 2	1	1	0	0	0	0	0	0	0	0	0	0	0	0	0	0	0	0	0	0	 0	 0	 0	 0	 3	  5	 15	 31	58	 76	102	101	 77	 70	47	24	17	13	 6	 2	 1	0	0	0	0	0	0	#_74        
 2000	 9	2	3	2	1417	0	0	0	0	0	0	0	0	0	0	0	0	0	0	0	0	0	0	 0	 2	  7	 18	 29	36	 43	79	89	102	101	59	61	48	36	19	15	 9	 3	4	0	1	0	0	0	0	0	0	0	0	0	0	0	0	0	0	0	0	0	 0	 0	 0	 0	 2	  5	  8	 11	25	 35	 58	 74	 88	 88	84	75	46	32	15	 6	 1	2	1	0	0	0	0	#_75        
 2001	 8	2	3	2	1417	0	0	0	0	0	0	0	0	0	0	0	0	0	0	0	0	0	1	 0	 0	  4	 13	 21	50	 65	62	76	 86	 89	90	66	56	43	39	28	23	 8	6	2	0	0	0	0	0	0	0	0	0	0	0	0	0	0	0	0	0	0	 0	 1	 1	 4	 2	  6	 11	 15	29	 50	 30	 42	 46	 70	76	78	51	36	17	17	 3	3	1	0	0	0	0	#_76        
 2002	 8	2	3	2	1417	0	0	0	0	0	0	0	0	0	0	0	0	0	0	0	0	0	4	 4	20	 44	 53	 91	79	 75	54	47	 64	 52	55	41	38	36	28	31	16	11	3	6	0	0	0	0	0	0	0	0	0	0	0	0	0	0	0	0	0	1	 0	 0	 3	 3	10	 20	 51	 73	68	 45	 51	 47	 35	 27	45	28	23	15	10	 6	 3	1	0	0	0	0	0	#_77        
 2003	 9	2	3	2	1417	0	0	0	0	0	0	0	0	0	0	0	0	0	0	0	0	0	0	 1	 2	 13	 38	 58	98	104	85	93	 72	 42	40	29	14	19	13	 5	 6	 7	1	2	0	0	0	0	0	0	0	0	0	0	0	0	0	0	0	0	0	0	 0	 1	 1	 3	 1	 12	 24	 74	94	 98	102	 95	 71	 30	30	19	 6	 6	 2	 3	 3	0	0	0	0	0	0	#_78        
 2004	 5	2	3	2	1417	0	0	0	0	0	0	0	0	0	0	0	0	0	0	0	0	0	0	 1	11	 15	 36	 49	59	 74	86	81	 77	 74	55	48	36	13	10	 8	 4	 4	5	0	0	0	0	0	0	0	0	0	0	0	0	0	0	0	0	0	0	0	 0	 0	 2	 1	10	 13	 15	 30	43	 54	 81	 79	 92	 90	74	41	25	10	 7	 2	 2	0	0	0	0	0	0	#_79        
 2005	 8	2	3	2	1417	0	0	0	0	0	0	0	0	0	0	0	0	0	0	0	0	0	2	 5	14	 28	 64	 77	95	 81	70	65	 52	 55	43	38	31	17	 9	11	 7	 3	0	0	1	0	0	0	1	0	0	0	0	0	0	0	0	0	0	0	0	0	 0	 1	 0	 3	 9	 30	 47	 72	78	 70	 63	 50	 44	 52	44	31	29	13	 9	 1	 2	0	0	0	0	0	0	#_80        
 2006	 9	3	3	2	 195	0	0	0	0	0	0	0	0	0	0	0	0	0	0	0	0	0	0	 0	 0	  0	  2	  4	 6	 15	13	19	 15	 11	 6	 7	 0	 2	 1	 3	 0	 0	0	0	0	0	0	0	0	0	0	0	0	0	0	0	0	0	0	0	0	0	 0	 0	 1	 0	 0	  0	  3	  1	 5	  8	 14	 14	 16	 15	 6	 2	 4	 1	 0	 0	 1	0	0	0	0	0	0	#_81        
 2007	 7	3	3	2	 195	0	0	0	0	0	0	0	0	0	0	0	0	0	0	0	0	0	0	 0	 1	  1	  1	  3	 2	  5	10	 5	 17	 12	16	13	 3	 3	 2	 4	 0	 0	0	0	0	0	0	0	0	0	0	0	0	0	0	0	0	0	0	0	0	0	 0	 0	 0	 0	 0	  1	  2	  3	 3	  6	  5	  7	 16	 19	21	 8	 3	 2	 1	 0	 0	0	0	0	0	0	0	#_82        
 2008	 9	3	3	2	 195	0	0	0	0	0	0	0	0	0	0	0	0	0	0	0	0	0	0	 0	 0	  1	  5	  8	13	  9	 8	14	 14	 15	 6	 7	 4	 3	 5	 2	 0	 0	0	0	0	0	0	0	0	0	0	0	0	0	0	0	0	0	0	0	0	0	 0	 0	 0	 1	 1	  0	  4	  5	13	 10	 14	  9	 12	  5	 3	 3	 0	 1	 0	 0	 0	0	0	0	0	0	0	#_83        
 2009	 2	3	3	2	 195	0	0	0	0	0	0	0	0	0	0	0	0	0	0	0	0	0	0	 0	 1	  0	  5	  4	12	  9	 8	16	 13	 17	10	 3	 3	 1	 2	 0	 0	 0	1	0	0	0	0	0	0	0	0	0	0	0	0	0	0	0	0	0	0	0	 0	 0	 0	 1	 0	  2	  1	  2	12	 12	  9	 14	 10	 10	 8	 4	 4	 1	 0	 0	 0	0	0	0	0	0	0	#_84        
 2016	 7	3	3	2	 195	0	0	0	0	0	0	0	0	0	0	0	0	0	0	0	0	0	0	 0	 1	  0	  0	  7	10	  8	 9	 8	 11	  8	 8	 8	 6	 3	 1	 0	 0	 0	0	0	0	0	0	0	0	0	0	0	0	0	0	0	0	0	0	0	0	0	 0	 0	 0	 0	 1	  2	  3	  5	 4	  7	  9	  9	 16	 20	16	 7	 4	 2	 2	 0	 0	0	0	0	0	0	0	#_85        
 2017	 7	3	3	2	 195	0	0	0	0	0	0	0	0	0	0	0	0	0	0	0	0	0	0	 0	 1	  1	  1	  4	 9	  8	15	 8	 11	 21	11	 6	 4	 2	 3	 0	 0	 0	0	0	0	0	0	0	0	0	0	0	0	0	0	0	0	0	0	0	0	0	 0	 0	 0	 0	 1	  0	  0	  3	 4	  7	 14	 12	 10	 14	12	 3	 7	 0	 1	 2	 0	0	0	0	0	0	0	#_86        
 2018	 3	3	3	2	 195	0	0	0	0	0	0	0	0	0	0	0	0	0	0	0	0	0	0	 0	 0	  1	  0	  3	 4	  5	11	11	 20	 16	 8	10	11	 2	 3	 0	 1	 0	0	0	0	0	0	0	0	0	0	0	0	0	0	0	0	0	0	0	0	0	 0	 0	 0	 1	 0	  1	  0	  2	 2	  4	  7	  8	 16	 11	15	 9	 7	 3	 1	 2	 0	0	0	0	0	0	0	#_87        
 2019	 7	3	3	2	 195	0	0	0	0	0	0	0	0	0	0	0	0	0	0	0	0	0	0	 0	 1	  1	  6	  4	10	  7	 7	 8	 16	 11	14	10	10	 5	 2	 0	 1	 0	0	0	0	0	0	0	0	0	0	0	0	0	0	0	0	0	0	0	0	0	 0	 1	 0	 0	 2	  4	  5	  4	 3	  1	 12	  6	  9	 10	 8	 9	 5	 3	 0	 0	 0	0	0	0	0	0	0	#_88        
 2020	 9	3	3	2	 195	0	0	0	0	0	0	0	0	0	0	0	0	0	0	0	0	0	0	 0	 0	  2	  4	  5	12	  8	12	 9	  7	  8	 7	 5	 4	 3	 1	 0	 1	 0	0	0	0	0	0	0	0	0	0	0	0	0	0	0	0	0	0	0	0	0	 0	 0	 0	 0	 0	  2	  7	  8	 8	 15	 15	 18	 11	  7	 6	 4	 3	 2	 0	 1	 0	0	0	0	0	0	0	#_89        
-9999	 0	0	0	0	   0	0	0	0	0	0	0	0	0	0	0	0	0	0	0	0	0	0	0	 0	 0	  0	  0	  0	 0	  0	 0	 0	  0	  0	 0	 0	 0	 0	 0	 0	 0	 0	0	0	0	0	0	0	0	0	0	0	0	0	0	0	0	0	0	0	0	0	 0	 0	 0	 0	 0	  0	  0	  0	 0	  0	  0	  0	  0	  0	 0	 0	 0	 0	 0	 0	 0	0	0	0	0	0	0	#_terminator
0 #_N_agebins
#
#_MeanSize_at_Age_obs
0 #_use_MeanSize_at_Age_obs
0 #_N_environ_variables
0 #_N_sizefreq_methods
0 #_do_tags
0 #_morphcomp_data
0 #_use_selectivity_priors
#
999
